       0	       0	 600000.00	    0.00	 34		  7
       0	       0	 600000.00	    0.00	 37		  7
       0	       0	     92.97	  187.00	 43		  7
       0	       0	 600000.00	    0.00	 34		  6
       0	       0	    106.20	  257.00	 45		  6
       0	       0	    229.11	  512.00	 51		  7
       0	       0	 600000.00	    0.00	 41		  8
       0	       0	    178.67	  381.50	 46		  6
       0	       0	 600000.00	    0.00	 41		  7
       0	       0	    165.99	  378.50	 62		 11
       0	       0	 600000.00	    0.00	 35		  5
     826	  434709	 600000.00	    0.00	 45		  6
       0	       0	    111.12	  413.00	 40		  7
     751	  350051	 600000.00	    0.00	 45		  5
       0	       0	    122.38	  375.50	 40		  6
     759	  471063	 600000.00	    0.00	 45		  7
       0	       0	    176.08	  379.50	 44		  6
     724	  512588	 600000.00	    0.00	 48		  8
       0	       0	    109.64	  362.00	 49		  8
       0	       0	 600000.00	    0.00	 38		  6
       0	       0	    110.85	  388.50	 44		  6
       0	       0	 600000.00	    0.00	 42		  7
       0	       0	    217.08	  453.00	 49		  8
       0	       0	 600000.00	    0.00	 45		  7
       0	       0	    134.18	  422.00	 52		  6
       0	       0	 600000.00	    0.00	 39		  6
       0	       0	    122.64	  506.50	 53		  7
       0	       0	 600000.00	    0.00	 38		  6
       0	       0	     82.44	  446.00	 48		  6
       0	       0	    130.67	  512.00	 50		  7
       0	       0	 600000.00	    0.00	 40		  6
       0	       0	    135.26	  400.00	 49		  6
       0	       0	 600000.00	    0.00	 38		  5
       0	       0	    131.14	  446.50	 47		  5
       0	       0	 600000.00	    0.00	 40		  6
       0	       0	    190.95	  512.00	 50		  6
       0	       0	 600000.00	    0.00	 43		  7
     864	  429262	 600000.00	    0.00	 42		  6
       0	       0	    111.70	  432.00	 46		  8
       0	       0	     81.85	  512.00	 52		  6
       0	       0	 600000.00	    0.00	 42		  7
       0	       0	     67.40	  363.50	 48		  5
       0	       0	 600000.00	    0.00	 34		  4
       0	       0	    122.81	  455.00	 48		  4
       0	       0	 600000.00	    0.00	 36		  4
     977	  562004	 600000.00	    0.00	 46		  5
       0	       0	    113.66	  488.50	 38		  5
     651	  215274	 600000.00	    0.00	 46		  8
       0	       0	     61.49	  325.50	 44		  8
       0	       0	 600000.00	    0.00	 39		  5
       0	       0	     87.26	  466.50	 42		  5
       0	       0	 600000.00	    0.00	 43		  6
       0	       0	    103.34	  403.50	 44		  5
       0	       0	    102.03	  512.00	 51		  5
       0	       0	 600000.00	    0.00	 35		  4
     891	  403259	 600000.00	    0.00	 45		  5
       0	       0	     70.28	  445.50	 38		  5
     963	  517910	 600000.00	    0.00	 44		  6
       0	       0	     76.59	  481.50	 43		  6
     687	  360850	 600000.00	    0.00	 45		  6
       0	       0	     59.39	  343.50	 40		  4
       0	       0	 600000.00	    0.00	 42		  6
       0	       0	     94.84	  388.50	 43		  6
       0	       0	 600000.00	    0.00	 44		  5
       0	       0	     71.46	  447.00	 41		  4
       0	       0	 600000.00	    0.00	 39		  4
       0	       0	     76.99	  302.00	 36		  6
       0	       0	 600000.00	    0.00	 38		  4
       0	       0	     75.79	  297.50	 40		  4
       0	       0	 600000.00	    0.00	 38		  4
       0	       0	     91.04	  331.50	 41		  6
       0	       0	 600000.00	    0.00	 45		  6
       0	       0	    130.85	  497.00	 46		  5
       0	       0	 600000.00	    0.00	 37		  4
       0	       0	    163.37	  465.50	 49		  5
    1024	  585069	 600000.00	    0.00	 46		  6
       0	       0	    136.12	  512.00	 43		  6
       0	       0	 600000.00	    0.00	 41		  4
       0	       0	    130.11	  493.00	 41		  4
       0	       0	 600000.00	    0.00	 40		  4
       0	       0	    130.02	  447.00	 42		  4
       0	       0	     81.30	  512.00	 59		  7
       0	       0	 600000.00	    0.00	 38		  6
       0	       0	     63.16	  504.00	 56		  6
       0	       0	 600000.00	    0.00	 47		  8
       0	       0	     61.96	  434.00	 47		  7
       0	       0	 600000.00	    0.00	 39		  6
       0	       0	     42.02	  255.00	 42		  5
       0	       0	 600000.00	    0.00	 34		  4
       0	       0	     60.25	  333.50	 45		  4
       0	       0	 600000.00	    0.00	 36		  5
     592	  300708	 600000.00	    0.00	 42		  3
       0	       0	     58.16	  296.00	 40		  5
     906	  511807	 600000.00	    0.00	 46		  6
       0	       0	     82.24	  453.00	 43		  6
    1024	  460825	 600000.00	    0.00	 48		  8
       0	       0	     76.05	  512.00	 43		  6
       0	       0	 600000.00	    0.00	 41		  5
       0	       0	     45.86	  355.50	 39		  4
       0	       0	 600000.00	    0.00	 37		  4
       0	       0	     55.70	  333.50	 41		  5
       0	       0	    113.60	  512.00	 52		  4
       0	       0	 600000.00	    0.00	 34		  4
       0	       0	    150.87	  440.50	 50		  6
       0	       0	 600000.00	    0.00	 35		  5
       0	       0	     79.32	  436.00	 47		  5
       0	       0	 600000.00	    0.00	 37		  4
       0	       0	    120.36	  512.00	 50		  4
       0	       0	 600000.00	    0.00	 35		  4
       0	       0	     72.79	  438.50	 50		  4
       0	       0	 600000.00	    0.00	 34		  4
       0	       0	    132.57	  512.00	 51		  4
       0	       0	 600000.00	    0.00	 30		  4
       0	       0	     52.98	  250.50	 43		  6
       0	       0	 600000.00	    0.00	 36		  7
       0	       0	    101.40	  377.00	 51		  7
       0	       0	 600000.00	    0.00	 36		  5
       0	       0	    118.22	  411.50	 49		  5
       0	       0	 600000.00	    0.00	 39		  6
       0	       0	    141.57	  393.00	 50		  5
       0	       0	 600000.00	    0.00	 38		  5
       0	       0	    102.28	  352.50	 48		  5
       0	       0	 600000.00	    0.00	 41		  7
       0	       0	    158.92	  473.50	 52		  9
       0	       0	 600000.00	    0.00	 41		  8
       0	       0	     98.63	  438.50	 52		  6
       0	       0	 600000.00	    0.00	 41		  5
       0	       0	     97.30	  512.00	 70		  7
       0	       0	 600000.00	    0.00	 34		  4
    1024	  547273	 600000.00	    0.00	 47		  4
       0	       0	     85.22	  512.00	 38		  5
     717	  396788	 600000.00	    0.00	 45		  5
       0	       0	     60.55	  358.50	 41		  7
       0	       0	    180.08	  512.00	 53		  7
       0	       0	 600000.00	    0.00	 38		  7
       0	       0	    141.85	  450.00	 51		  6
       0	       0	 600000.00	    0.00	 39		  5
    1024	  538380	 600000.00	    0.00	 48		  5
       0	       0	    214.92	  512.00	 43		  6
       0	       0	     73.32	  512.00	 56		  8
       0	       0	 600000.00	    0.00	 43		  9
       0	       0	    191.38	  407.50	 49		  8
       0	       0	 600000.00	    0.00	 42		 10
       0	       0	    230.37	  257.00	 47		  9
       0	       0	 600000.00	    0.00	 47		  8
       0	       0	    160.54	  343.50	 45		  5
       0	       0	 600000.00	    0.00	 42		  6
     887	  453301	 600000.00	    0.00	 42		  5
       0	       0	    192.45	  443.50	 53		  9
       0	       0	 600000.00	    0.00	 45		  8
       0	       0	    152.79	  512.00	 47		  6
       0	       0	 600000.00	    0.00	 43		  5
       0	       0	     61.40	  411.00	 47		  9
    1024	  490415	 600000.00	    0.00	 49		  7
       0	       0	    174.50	  512.00	 43		  7
       0	       0	    108.45	  512.00	 50		  5
       0	       0	 600000.00	    0.00	 36		  5
       0	       0	     46.76	  338.50	 47		  6
       0	       0	 600000.00	    0.00	 40		  6
       0	       0	     94.60	  512.00	 51		  4
       0	       0	 600000.00	    0.00	 35		  3
       0	       0	    130.05	  416.00	 49		  7
       0	       0	 600000.00	    0.00	 37		  6
       0	       0	    129.39	  462.00	 52		  7
       0	       0	 600000.00	    0.00	 34		  4
       0	       0	     78.26	  379.00	 47		  4
       0	       0	 600000.00	    0.00	 33		  4
       0	       0	    120.18	  420.50	 46		  4
       0	       0	 600000.00	    0.00	 37		  4
       0	       0	     61.99	  434.50	 52		  6
       0	       0	 600000.00	    0.00	 39		  6
       0	       0	    169.93	  510.50	 52		  7
       0	       0	 600000.00	    0.00	 36		  7
       0	       0	    168.93	  456.00	 51		  5
       0	       0	 600000.00	    0.00	 33		  4
       0	       0	     66.61	  399.00	 55		  7
       0	       0	 600000.00	    0.00	 38		  6
       0	       0	     89.97	  355.50	 51		  7
       0	       0	 600000.00	    0.00	 39		  7
       0	       0	     52.91	  258.50	 46		  7
       0	       0	 600000.00	    0.00	 44		  8
       0	       0	     93.58	  450.00	 49		  7
       0	       0	 600000.00	    0.00	 40		  7
       0	       0	     94.33	  381.00	 51		  7
       0	       0	 600000.00	    0.00	 36		  4
       0	       0	     69.01	  380.00	 43		  4
       0	       0	 600000.00	    0.00	 41		  6
       0	       0	     84.10	  374.50	 49		  8
       0	       0	 600000.00	    0.00	 45		  8
    1024	  638126	 600000.00	    0.00	 54		  6
       0	       0	    164.96	  512.00	 38		  6
     857	  457243	 600000.00	    0.00	 46		  6
       0	       0	     77.93	  428.50	 40		  7
     678	  370388	 600000.00	    0.00	 39		  5
       0	       0	    120.91	  339.00	 49		  7
       0	       0	 600000.00	    0.00	 40		  5
       0	       0	     92.68	  376.00	 46		  7
       0	       0	 600000.00	    0.00	 42		  6
       0	       0	     83.88	  354.50	 41		  5
       0	       0	 600000.00	    0.00	 43		  6
       0	       0	    173.56	  392.50	 46		  7
       0	       0	    132.90	  512.00	 52		  8
       0	       0	 600000.00	    0.00	 43		  8
       0	       0	    179.16	  479.50	 56		  9
       0	       0	 600000.00	    0.00	 47		  7
       0	       0	    167.18	  458.50	 48		  5
       0	       0	 600000.00	    0.00	 35		  4
     866	  308321	 600000.00	    0.00	 46		  5
       0	       0	    173.52	  433.00	 45		  5
     824	  471034	 600000.00	    0.00	 45		  9
       0	       0	    160.39	  412.00	 49		 11
     776	  405467	 600000.00	    0.00	 48		 10
       0	       0	     80.77	  388.00	 46		  9
       0	       0	 600000.00	    0.00	 42		  7
       0	       0	     58.55	  405.50	 52		  7
       0	       0	 600000.00	    0.00	 42		  7
       0	       0	     59.32	  426.00	 45		  5
       0	       0	 600000.00	    0.00	 41		  6
       0	       0	     60.43	  410.00	 50		  7
       0	       0	 600000.00	    0.00	 42		  8
       0	       0	     64.88	  437.50	 49		  9
       0	       0	 600000.00	    0.00	 38		  7
       0	       0	     71.66	  364.00	 53		 11
       0	       0	 600000.00	    0.00	 50		  9
       0	       0	    149.68	  512.00	 57		  9
    1024	  597258	 600000.00	    0.00	 47		  8
       0	       0	    163.91	  512.00	 47		  8
       0	       0	 600000.00	    0.00	 46		  5
       0	       0	    106.51	  423.50	 47		  6
       0	       0	 600000.00	    0.00	 37		  5
       0	       0	     91.22	  352.50	 45		  6
    1024	  481306	 600000.00	    0.00	 45		  6
       0	       0	    137.52	  512.00	 42		  7
    1024	  660329	 600000.00	    0.00	 49		  5
       0	       0	    102.24	  512.00	 41		  4
     877	  401619	 600000.00	    0.00	 40		  4
       0	       0	     72.20	  438.50	 42		  4
     687	  276199	 600000.00	    0.00	 37		  3
       0	       0	     44.47	  343.50	 38		  4
       0	       0	 600000.00	    0.00	 40		  5
       0	       0	     55.98	  383.50	 45		  6
    1024	  485513	 600000.00	    0.00	 38		  5
       0	       0	     63.34	  512.00	 44		  5
       0	       0	 600000.00	    0.00	 39		  4
       0	       0	     70.59	  319.50	 40		  4
       0	       0	 600000.00	    0.00	 34		  3
       0	       0	     74.14	  311.00	 43		  4
       0	       0	 600000.00	    0.00	 39		  4
       0	       0	     59.52	  463.50	 50		  9
       0	       0	 600000.00	    0.00	 41		  7
       0	       0	     63.62	  446.50	 43		  6
       0	       0	 600000.00	    0.00	 37		  5
       0	       0	    148.16	  468.00	 48		  4
       0	       0	 600000.00	    0.00	 38		  4
       0	       0	     58.10	  349.50	 44		  6
       0	       0	 600000.00	    0.00	 45		  6
       0	       0	     61.08	  304.00	 62		  7
       0	       0	 600000.00	    0.00	 40		  6
       0	       0	     85.54	  512.00	 55		  9
       0	       0	 600000.00	    0.00	 44		  9
       0	       0	    291.55	  502.00	 55		  8
       0	       0	 600000.00	    0.00	 32		  6
       0	       0	     85.30	  489.00	 52		  8
       0	       0	 600000.00	    0.00	 43		  5
       0	       0	    206.14	  500.50	 55		  6
       0	       0	 600000.00	    0.00	 35		  5
       0	       0	    232.45	  512.00	 58		  6
       0	       0	 600000.00	    0.00	 39		  6
       0	       0	    241.94	  382.00	 48		 10
       0	       0	 600000.00	    0.00	 41		 10
       0	       0	    239.87	  456.50	 57		  8
       0	       0	 600000.00	    0.00	 38		  7
       0	       0	    239.10	  455.00	 48		  6
       0	       0	 600000.00	    0.00	 34		  5
       0	       0	    211.35	  376.50	 57		  9
       0	       0	 600000.00	    0.00	 44		  8
       0	       0	    209.83	  512.00	 49		  6
       0	       0	 600000.00	    0.00	 44		  8
       0	       0	    230.41	  401.00	 55		 11
       0	       0	 600000.00	    0.00	 43		  9
       0	       0	    173.68	  425.00	 52		  9
       0	       0	 600000.00	    0.00	 48		 10
     810	  367111	 600000.00	    0.00	 55		  9
       0	       0	    161.63	  405.00	 38		  4
     740	  337173	 600000.00	    0.00	 42		  5
       0	       0	     65.33	  370.00	 50		  8
     573	  368642	 600000.00	    0.00	 40		  5
       0	       0	    146.34	  286.50	 39		  5
       0	       0	 600000.00	    0.00	 43		  9
       0	       0	    186.75	  379.00	 49		  8
       0	       0	 600000.00	    0.00	 37		  6
       0	       0	     42.51	  303.50	 41		  6
    1024	  447489	 600000.00	    0.00	 40		  5
       0	       0	    125.28	  512.00	 50		  5
       0	       0	 600000.00	    0.00	 38		  4
       0	       0	     96.10	  418.50	 45		  5
       0	       0	 600000.00	    0.00	 39		  5
       0	       0	    123.60	  349.50	 49		  8
       0	       0	 600000.00	    0.00	 42		  9
       0	       0	    102.75	  424.50	 48		  9
       0	       0	 600000.00	    0.00	 41		 10
       0	       0	    125.45	  391.50	 52		  8
       0	       0	 600000.00	    0.00	 44		  9
       0	       0	    124.77	  429.00	 58		 10
       0	       0	 600000.00	    0.00	 39		  7
       0	       0	     99.58	  358.00	 51		  6
       0	       0	 600000.00	    0.00	 38		  6
       0	       0	     58.50	  321.50	 50		  7
       0	       0	 600000.00	    0.00	 47		 12
       0	       0	    364.01	  512.00	 64		 11
       0	       0	 600000.00	    0.00	 43		 10
       0	       0	     99.18	  371.00	 52		 10
       0	       0	 600000.00	    0.00	 38		  9
       0	       0	    133.14	  410.00	 58		  9
       0	       0	 600000.00	    0.00	 42		  8
       0	       0	    168.33	  494.00	 52		  6
       0	       0	 600000.00	    0.00	 41		  8
       0	       0	    130.27	  435.50	 65		  7
       0	       0	 600000.00	    0.00	 36		  6
       0	       0	    184.56	  466.50	 55		  9
       0	       0	 600000.00	    0.00	 32		  5
       0	       0	     84.31	  414.50	 52		  6
       0	       0	 600000.00	    0.00	 43		  8
       0	       0	    143.04	  512.00	 54		  5
       0	       0	 600000.00	    0.00	 40		  9
       0	       0	     59.49	  280.50	 52		  8
       0	       0	 600000.00	    0.00	 50		  7
       0	       0	    195.86	  512.00	 55		  8
       0	       0	 600000.00	    0.00	 38		  7
       0	       0	    145.52	  247.00	 39		  7
       0	       0	 600000.00	    0.00	 34		  5
       0	       0	     21.29	   86.50	 38		  5
