       0	    1000	       0	         0	    1000	    1000	       0
       0	    1000	       0	         0	    1000	    1000	       0
       0	    1000	       0	         0	    1000	    1000	       0
       0	    1000	       0	         0	    1000	    1000	       0
       0	    1000	       0	         0	    1000	    1000	       0
       0	    1000	       0	         0	    1000	    1000	       0
       0	    1000	       0	         0	    1000	    1000	       0
       0	    1000	       0	         0	    1000	    1000	       0
       0	    1000	       0	         0	    1000	    1000	       0
       0	    1000	       0	         0	    1000	    1000	       0
       0	    1000	       0	         0	    1000	    1000	       0
       0	    1000	       0	         0	    1000	    1000	       0
       0	    1000	       0	         0	    1000	    1000	       0
       0	    1000	       0	         0	    1000	    1000	       0
       0	    1000	       0	         0	    1000	    1000	       0
       0	    1000	       0	         0	    1000	    1000	       0
       0	    1000	       0	         0	    1000	    1000	       0
       0	    1000	       0	         0	    1000	    1000	       0
       0	    1000	       0	         0	    1000	    1000	       0
       0	    1000	       0	         0	    1000	    1000	       0
       0	    1000	       0	         0	    1000	    1000	       0
       0	    1000	       0	         0	    1000	    1000	       0
       0	    1000	       0	         0	    1000	    1000	       0
       0	    1000	       0	         0	    1000	    1000	       0
       0	    1000	       0	         0	    1000	    1000	       0
       0	    1000	       0	         0	    1000	    1000	       0
       0	    1000	       0	         0	    1000	    1000	       0
       0	    1000	       0	         0	    1000	    1000	       0
       0	    1000	       0	         0	    1000	    1000	       0
       0	    1000	       0	         0	    1000	    1000	       0
       0	    1000	       0	         0	    1000	    1000	       0
       0	    1000	       0	         0	    1000	    1000	       0
       0	    1000	       0	         0	    1000	    1000	       0
       0	    1000	       0	         0	    1000	    1000	       0
       0	    1000	       0	         0	    1000	    1000	       0
       0	    1000	       0	         0	    1000	    1000	       0
       0	    1000	       0	         0	    1000	    1000	       0
       0	    1000	       0	         0	    1000	    1000	       0
       0	    1000	       0	         0	    1000	    1000	       0
       0	    1000	       0	         0	    1000	    1000	       0
       0	    1000	       0	         0	    1000	    1000	       0
       0	    1000	       0	         0	    1000	    1000	       0
       0	    1000	       0	         0	    1000	    1000	       0
       0	    1000	       0	         0	    1000	    1000	       0
       0	    1000	       0	         0	    1000	    1000	       0
       0	    1000	       0	         0	    1000	    1000	       0
       0	    1000	       0	         0	    1000	    1000	       0
       0	    1000	       0	         0	    1000	    1000	       0
       0	    1000	       0	         0	    1000	    1000	       0
       0	    1000	       0	         0	    1000	    1000	       0
       0	    1000	       0	         0	    1000	    1000	       0
       0	    1000	       0	         0	    1000	    1000	       0
       0	    1000	       0	         0	    1000	    1000	       0
       0	    1000	       0	         0	    1000	    1000	       0
       0	    1000	       0	         0	    1000	    1000	       0
       0	    1000	       0	         0	    1000	    1000	       0
       0	    1000	       0	         0	    1000	    1000	       0
       0	    1000	       0	         0	    1000	    1000	       0
       0	    1000	       0	         0	    1000	    1000	       0
       0	    1000	       0	         0	    1000	    1000	       0
       0	    1000	       0	         0	    1000	    1000	       0
       0	    1000	       0	         0	    1000	    1000	       0
       0	    1000	       0	         0	    1000	    1000	       0
       0	    1000	       0	         0	    1000	    1000	       0
       0	    1000	       0	         0	    1000	    1000	       0
       0	    1000	       0	         0	    1000	    1000	       0
       0	    1000	       0	         0	    1000	    1000	       0
       0	    1000	       0	         0	    1000	    1000	       0
       0	    1000	       0	         0	    1000	    1000	       0
       0	    1000	       0	         0	    1000	    1000	       0
       0	    1000	       0	         0	    1000	    1000	       0
       0	    1000	       0	         0	    1000	    1000	       0
       0	    1000	       0	         0	    1000	    1000	       0
       0	    1000	       0	         0	    1000	    1000	       0
       0	    1000	       0	         0	    1000	    1000	       0
       0	    1000	       0	         0	    1000	    1000	       0
       0	    1000	       0	         0	    1000	    1000	       0
       0	    1000	       0	         0	    1000	    1000	       0
       0	    1000	       0	         0	    1000	    1000	       0
       0	    1000	       0	         0	    1000	    1000	       0
       0	    1000	       0	         0	    1000	    1000	       0
       0	    1000	       0	         0	    1000	    1000	       0
       0	    1000	       0	         0	    1000	    1000	       0
       0	    1000	       0	         0	    1000	    1000	       0
       0	    1000	       0	         0	    1000	    1000	       0
       0	    1000	       0	         0	    1000	    1000	       0
       0	    1000	       0	         0	    1000	    1000	       0
       0	    1000	       0	         0	    1000	    1000	       0
       0	    1000	       0	         0	    1000	    1000	       0
       0	    1000	       0	         0	    1000	    1000	       0
       0	    1000	       0	         0	    1000	    1000	       0
       0	    1000	       0	         0	    1000	    1000	       0
       0	    1000	       0	         0	    1000	    1000	       0
       0	    1000	       0	         0	    1000	    1000	       0
       0	    1000	       0	         0	    1000	    1000	       0
       0	    1000	       0	         0	    1000	    1000	       0
       0	    1000	       0	         0	    1000	    1000	       0
       0	    1000	       0	         0	    1000	    1000	       0
       0	    1000	       0	         0	    1000	    1000	       0
       0	    1000	       0	         0	    1000	    1000	       0
       0	    1000	       0	         0	    1000	    1000	       0
       0	    1000	       0	         0	    1000	    1000	       0
       0	    1000	       0	         0	    1000	    1000	       0
       0	    1000	       0	         0	    1000	    1000	       0
       0	    1000	       0	         0	    1000	    1000	       0
       0	    1000	       0	         0	    1000	    1000	       0
       0	    1000	       0	         0	    1000	    1000	       0
       0	    1000	       0	         0	    1000	    1000	       0
       0	    1000	       0	         0	    1000	    1000	       0
       0	    1000	       0	         0	    1000	    1000	       0
       0	    1000	       0	         0	    1000	    1000	       0
       0	    1000	       0	         0	    1000	    1000	       0
       0	    1000	       0	         0	    1000	    1000	       0
       0	    1000	       0	         0	    1000	    1000	       0
       0	    1000	       0	         0	    1000	    1000	       0
       0	    1000	       0	         0	    1000	    1000	       0
       0	    1000	       0	         0	    1000	    1000	       0
       0	    1000	       0	         0	    1000	    1000	       0
       0	    1000	       0	         0	    1000	    1000	       0
       0	    1000	       0	         0	    1000	    1000	       0
       0	    1000	       0	         0	    1000	    1000	       0
       0	    1000	       0	         0	    1000	    1000	       0
       0	    1000	       0	         0	    1000	    1000	       0
       0	    1000	       0	         0	    1000	    1000	       0
       0	    1000	       0	         0	    1000	    1000	       0
       0	    1000	       0	         0	    1000	    1000	       0
       0	    1000	       0	         0	    1000	    1000	       0
       0	    1000	       0	         0	    1000	    1000	       0
       0	    1000	       0	         0	    1000	    1000	       0
       0	    1000	       0	         0	    1000	    1000	       0
       0	    1000	       0	         0	    1000	    1000	       0
       0	    1000	       0	         0	    1000	    1000	       0
       0	    1000	       0	         0	    1000	    1000	       0
       0	    1000	       0	         0	    1000	    1000	       0
       0	    1000	       0	         0	    1000	    1000	       0
       0	    1000	       0	         0	    1000	    1000	       0
       0	    1000	       0	         0	    1000	    1000	       0
       0	    1000	       0	         0	    1000	    1000	       0
       0	    1000	       0	         0	    1000	    1000	       0
       0	    1000	       0	         0	    1000	    1000	       0
       0	    1000	       0	         0	    1000	    1000	       1
       0	    1000	       0	         0	    1000	    1000	       1
       0	    1000	       0	         0	    1000	    1000	       1
       0	    1000	       0	         0	    1000	    1000	       1
       0	    1000	       0	         0	    1000	    1000	       1
       0	    1000	       0	         0	    1000	    1000	       1
       0	    1000	       0	         0	    1000	    1000	       1
       0	    1000	       0	         0	    1000	    1000	       1
       0	    1000	       0	         0	    1000	    1000	       1
       0	    1000	       0	         0	    1000	    1000	       1
       0	    1000	       0	         0	    1000	    1000	       1
       0	    1000	       0	         0	    1000	    1000	       1
       0	    1000	       0	         0	    1000	    1000	       1
       0	    1000	       0	         0	    1000	    1000	       1
       0	    1000	       0	         0	    1000	    1000	       1
       0	    1000	       0	         0	    1000	    1000	       1
       0	    1000	       0	         0	    1000	    1000	       1
       0	    1000	       0	         0	    1000	    1000	       1
       0	    1000	       0	         0	    1000	    1000	       1
       0	    1000	       0	         0	    1000	    1000	       1
       0	    1000	       0	         0	    1326	    1000	       1
       0	    1000	       0	         0	    1326	    1000	       1
       0	    1000	       0	         0	    1326	    1000	       1
       0	    1000	       0	         0	    1326	    1000	       1
       0	    1000	       0	         0	    1326	    1000	       1
       0	    1000	       0	         0	    1326	    1000	       1
       0	    1000	       0	         0	    1326	    1000	       1
       0	    1000	       0	         0	    1326	    1000	       1
       0	    1000	       0	         0	    1326	    1000	       1
       0	    1000	       0	         0	    1326	    1000	       1
       0	    1000	       0	         0	    1326	    1000	       1
       0	    1000	       0	         0	    1326	    1000	       1
       0	    1000	       0	         0	    1326	    1000	       1
       0	    1000	       0	         0	    1326	    1000	       1
       0	    1000	       0	         0	    1326	    1000	       1
       0	    1000	       0	         0	    1326	    1000	       1
       0	    1000	       0	         0	    1326	    1000	       1
       0	    1000	       0	         0	    1326	    1000	       1
       0	    1000	       0	         0	    1326	    1000	       1
       0	    1000	       0	         0	    1326	    1000	       1
       0	    1000	       0	         0	    1326	    1000	       1
       0	    1000	       0	         0	    1326	    1000	       1
       0	    1000	       0	         0	    1326	    1000	       1
       0	    1000	       0	         0	    1326	    1000	       1
       0	    1000	       0	         0	    1326	    1000	       1
       0	    1000	       0	         0	    1326	    1000	       1
       0	    1000	       0	         0	    1326	    1000	       1
       0	    1000	       0	         0	    1326	    1000	       1
       0	    1000	       0	         0	    1326	    1000	       1
       0	    1000	       0	         0	    1326	    1000	       1
       0	    1000	       0	         0	    1326	    1000	       1
       0	    1000	       0	         0	    1326	    1000	       1
       0	    1000	       0	         0	    1326	    1000	       1
       0	    1000	       0	         0	    1326	    1000	       1
       0	    1000	       0	         0	    1326	    1000	       1
       0	    1000	       0	         0	    1326	    1000	       1
       0	    1000	       0	         0	    1326	    1000	       1
       0	    1000	       0	         0	    1326	    1000	       1
       0	    1000	       0	         0	    1326	    1000	       1
       0	    1000	       0	         0	    1326	    1000	       1
       0	    1000	       0	         0	    1326	    1000	       1
       0	    1000	       0	         0	    1326	    1000	       1
       0	    1000	       0	         0	    1326	    1000	       1
       0	    1000	       0	         0	    1326	    1000	       1
       0	    1000	       0	         0	    1326	    1000	       1
       0	    1000	       0	         0	    1326	    1000	       1
       0	    1000	       0	         0	    1326	    1000	       1
       0	    1000	       0	         0	    1326	    1000	       1
       0	    1000	       0	         0	    1326	    1000	       1
       0	    1000	       0	         0	    1326	    1000	       1
       0	    1000	       0	         0	    1326	    1000	       1
       0	    1000	       0	         0	    1326	    1000	       1
       0	    1000	       0	         0	    1326	    1000	       1
       0	    1000	       0	         0	    1326	    1000	       1
       0	    1000	       0	         0	    1326	    1000	       1
       0	    1000	       0	         0	    1326	    1000	       1
       0	    1000	       0	         0	    1326	    1000	       1
       0	    1000	       0	         0	    1326	    1000	       1
       0	    1000	       0	         0	    1326	    1000	       1
       0	    1000	       0	         0	    1326	    1000	       1
       0	    1000	       0	         0	    1326	    1000	       1
       0	    1000	       0	         0	    1326	    1000	       1
       0	    1000	       0	         0	    1326	    1000	       1
       0	    1000	       0	         0	    1326	    1000	       1
       0	    1000	       0	         0	    1326	    1000	       1
       0	    1000	       0	         0	    1326	    1000	       1
       0	    1000	       0	         0	    1326	    1000	       1
       0	    1000	       0	         0	    1326	    1000	       1
       0	    1000	       0	         0	    1326	    1000	       1
       0	    1000	       0	         0	    1326	    1000	       1
       0	    1000	       0	         0	    1326	    1000	       1
       0	    1000	       0	         0	    1326	    1000	       1
       0	    1000	       0	         0	    1326	    1000	       1
       0	    1000	       0	         0	    1326	    1000	       1
       0	    1000	       0	         0	    1326	    1000	       1
       0	    1000	      61	     61000	    1326	    1000	       2
       0	    1000	     100	    100000	    1326	    1000	       2
     170	     824	     101	    101000	    3499	    1000	       2
     100	     517	      99	     99000	    1826	    1000	       2
     100	     519	     101	    101000	    2326	    1000	       2
     100	     519	     100	    100000	    2326	    1000	       2
     100	     521	     100	    100000	    2826	    1000	       2
     100	     522	     100	    100000	    3326	    1000	       2
     100	     524	     100	    100000	    3826	    1000	       2
     100	     523	      99	     81900	    4326	    1000	       2
     100	     574	     100	      5000	    4826	    1000	       2
     101	     515	     100	      5000	    4826	    1000	       2
     100	     512	     101	      5050	    4826	    1000	       2
     100	     513	     100	      5000	    4826	    1000	       2
     100	     514	     100	      5000	    4826	    1000	       2
     100	     514	     100	      5000	    4826	    1000	       2
     100	     517	     100	      5000	    4826	    1000	       2
     100	     518	     100	      5000	    4826	    1000	       2
     100	     520	     100	      5000	    4826	    1000	       2
     100	     520	     100	      5000	    4826	    1000	       2
     101	     516	     101	      5050	    4826	    1000	       2
     100	     514	      99	      4950	    4826	    1000	       2
     100	     514	     100	      5000	    4826	    1000	       2
     100	     514	     100	      5000	    4826	    1000	       2
     100	     517	     100	      5000	    4826	    1000	       2
     100	     518	     100	      5000	    4826	    1000	       2
     100	     519	      99	      4950	    4826	    1000	       2
     100	     520	     101	      5050	    4826	    1000	       2
     101	     517	     100	      5000	    4826	    1000	       2
     100	     512	     100	      5000	    4826	    1000	       2
     100	     513	     100	      5000	    4826	    1000	       2
     100	     514	     100	      5000	    4826	    1000	       2
     100	     516	     100	      5000	    4826	    1000	       2
     100	     516	     100	      5000	    4826	    1000	       2
     100	     517	     100	      5000	    4826	    1000	       2
     100	     518	     100	      5000	    4826	    1000	       2
     100	     518	     100	      5000	    4826	    1000	       2
     100	     520	     100	      5000	    4826	    1000	       2
     101	     518	     100	      5000	    4826	    1000	       2
     100	     512	     100	      5000	    4826	    1000	       2
     100	     514	     100	      7850	    4826	    1000	       2
     100	     514	     100	     20000	    4826	    1000	       2
     100	     515	     100	     20000	    4826	    1000	       2
     100	     521	     100	     20000	    4826	    1000	       2
     100	     514	     100	     20000	    4826	    1000	       2
     101	     517	     100	     20000	    4826	    1000	       2
     100	     513	     100	     20000	    4826	    1000	       2
     100	     513	     100	     20000	    4826	    1000	       2
     100	     516	     100	     20000	    4826	    1000	       2
     100	     516	     100	     20000	    4826	    1000	       2
     100	     517	     100	     20000	    4826	    1000	       2
     100	     518	     100	     20000	    4826	    1000	       2
     100	     520	     100	     20000	    4826	    1000	       2
     100	     520	      99	     19800	    4826	    1000	       2
     101	     516	     101	     20200	    4826	    1000	       2
     100	     512	     100	     20000	    4826	    1000	       2
     100	     515	     100	     20000	    4826	    1000	       2
     100	     515	     100	     20000	    4826	    1000	       2
     100	     516	     100	     20000	    4826	    1000	       2
     100	     517	     100	     20000	    4826	    1000	       2
     100	     517	     100	     20000	    4826	    1000	       2
     100	     518	     100	     20000	    4826	    1000	       2
     100	     518	     100	     20000	    4826	    1000	       2
     100	     521	      99	     19800	    4826	    1000	       2
     101	     507	     263	     52600	    4826	    1000	       2
     397	     293	    1001	    200200	    4826	    1000	       2
    1001	     572	     999	    199800	    5000	    1000	       2
    1002	     571	     999	    199800	    5000	    1000	       2
    1002	     564	    1000	    200000	    5000	    1000	       2
    1000	     567	    1001	    200200	    5000	    1000	       2
    1002	     582	     999	    199800	    5000	    1000	       2
    1001	     580	    1000	    352000	    5000	    1000	       2
    1002	     559	    1000	   1000000	    5000	    1000	       2
    1002	     575	    1001	   1001000	    5000	    1000	       2
    1011	     590	     999	    999000	    5000	    1000	       2
    1002	     563	    1000	   1000000	    5000	    1000	       2
    1002	     574	     998	    998000	    5000	    1000	       2
    1011	     591	    1002	   1002000	    5000	    1000	       2
    1002	     579	    1000	   1000000	    5000	    1000	       2
    1004	     571	     999	    999000	    5000	    1000	       2
    1002	     579	    1001	   1001000	    5000	    1000	       2
    1002	     561	    1001	   1001000	    5000	    1000	       2
    1012	     575	     999	    999000	    5000	    1000	       2
    1002	     576	    1000	   1000000	    5000	    1000	       2
    1002	     558	    1001	   1001000	    5000	    1000	       2
    1002	     596	    1000	   1000000	    5000	    1000	       2
    1001	     557	     998	    998000	    5000	    1000	       2
    1002	     596	    1002	   1002000	    5000	    1000	       2
    1002	     566	     998	    998000	    5000	    1000	       2
    1001	     587	    1001	   1001000	    5000	    1000	       2
    1001	     602	    1000	   1000000	    5000	    1000	       2
    1002	     567	    1000	   1000000	    5000	    1000	       2
    1002	     586	     999	    999000	    5000	    1000	       2
    1001	     583	    1001	   1001000	    5000	    1000	       2
    1002	     567	    1001	   1001000	    5000	    1000	       2
    1002	     582	     999	    999000	    5000	    1000	       2
    1002	     577	    1001	   1001000	    5000	    1000	       2
    1002	     580	     998	    998000	    5000	    1000	       2
    1003	     565	    1001	   1001000	    5000	    1000	       2
    1000	     569	    1000	   1000000	    5000	    1000	       2
    1002	     577	     999	    999000	    5000	    1000	       2
    1002	     590	    1002	   1002000	    5000	    1000	       2
    1001	     594	    1000	    817600	    5000	    1000	       2
    1002	     565	     999	     49950	    5000	    1000	       2
    1002	     587	     998	     49900	    5000	    1000	       2
    1002	     579	    1002	     50100	    5000	    1000	       2
    1001	     579	    1001	     50050	    5000	    1000	       2
    1002	     569	     998	     49900	    5000	    1000	       2
    1001	     581	    1001	     50050	    5000	    1000	       2
    1001	     553	    1000	     50000	    5000	    1000	       2
    1001	     558	    1000	     50000	    5000	    1000	       2
    1002	     573	    1000	     50000	    5000	    1000	       2
    1002	     565	     999	     49950	    5000	    1000	       2
    1002	     575	    1000	     50000	    5000	    1000	       2
    1001	     570	    1001	     50050	    5000	    1000	       2
    1002	     550	    1000	     50000	    5000	    1000	       2
    1001	     565	    1000	     50000	    5000	    1000	       2
    1001	     577	    1000	     50000	    5000	    1000	       2
    1002	     578	    1000	     50000	    5000	    1000	       2
    1011	     585	     999	     49950	    5000	    1000	       2
    1001	     565	    1001	     50050	    5000	    1000	       2
    1003	     536	    1001	     50050	    5000	    1000	       2
    1007	     561	     999	     49950	    5000	    1000	       2
    1000	     569	    1000	     50000	    5000	    1000	       2
    1001	     576	     999	     49950	    5000	    1000	       2
    1002	     562	    1002	     50100	    5000	    1000	       2
    1001	     573	    1000	     50000	    5000	    1000	       2
    1002	     556	     999	     49950	    5000	    1000	       2
    1001	     573	     999	     49950	    5000	    1000	       2
    1002	     539	    1001	     50050	    5000	    1000	       2
    1001	     583	     999	     49950	    5000	    1000	       2
    1001	     559	    1002	     50100	    5000	    1000	       2
    1001	     580	     998	     49900	    5000	    1000	       2
    1002	     572	    1001	     78700	    5000	    1000	       2
    1002	     585	    1000	    200000	    5000	    1000	       2
    1001	     576	    1001	    200200	    5000	    1000	       2
    1002	     574	     999	    199800	    5000	    1000	       2
    1001	     570	     999	    199800	    5000	    1000	       2
    1002	     548	    1001	    200200	    5000	    1000	       2
    1001	     586	    1000	    200000	    5000	    1000	       2
    1001	     565	     998	    199600	    5000	    1000	       2
    1001	     583	    1002	    200400	    5000	    1000	       2
    1002	     570	    1000	    200000	    5000	    1000	       2
    1002	     583	     999	    199800	    5000	    1000	       2
    1002	     560	    1002	    200400	    5000	    1000	       2
    1002	     580	    1000	    200000	    5000	    1000	       2
    1002	     590	    1000	    200000	    5000	    1000	       2
    1002	     560	     999	    199800	    5000	    1000	       2
    1002	     565	    1000	    200000	    5000	    1000	       2
    1002	     574	    1001	    200200	    5000	    1000	       2
    1010	     582	     999	    199800	    5000	    1000	       2
    1002	     590	    1000	    200000	    5000	    1000	       2
    1002	     564	    1000	    200000	    5000	    1000	       2
    1002	     560	    1000	    200000	    5000	    1000	       2
    1001	     578	    1000	    200000	    5000	    1000	       2
    1002	     568	    1001	    200200	    5000	    1000	       2
    1001	     560	     999	    199800	    5000	    1000	       2
    1011	     591	    1001	    200200	    5000	    1000	       2
    1001	     570	     998	    199600	    5000	    1000	       2
    1002	     572	    1002	    200400	    5000	    1000	       2
    1002	     559	     999	    199800	    5000	    1000	       2
    1001	     574	    1000	    200000	    5000	    1000	       2
    1002	     559	     998	    199600	    5000	    1000	       2
    1011	     571	    1002	    200400	    5000	    1000	       2
    1003	     565	    1000	    352000	    5000	    1000	       2
    2328	     364	    2445	   2445000	    5000	    1000	       2
    3978	     216	    3654	   3654000	    5000	    1000	       2
    3978	     295	    4633	   4633000	    5000	    1000	       2
    2652	     386	    2591	   2591000	    5000	    1000	       2
    3978	     354	    3903	   3903000	    5000	    1000	       2
    3978	     301	    3232	   3232000	    5000	    1000	       2
    2652	     258	    4145	   4145000	    5000	    1000	       2
    5304	     211	    3801	   3801000	    5000	    1000	       2
    3978	     172	    5031	   5031000	    5000	    1000	       2
    3978	     277	    2974	   2974000	    5000	    1000	       2
    3978	     248	    4137	   4137000	    5000	    1000	       2
    3978	     218	    4784	   4784000	    5000	    1000	       2
    3978	     343	    3892	   3892000	    5000	    1000	       2
    3978	     248	    3843	   3843000	    5000	    1000	       2
    2652	     429	    2833	   2833000	    5000	    1000	       2
    3978	     315	    3100	   3100000	    5000	    1000	       2
    3978	     271	    4922	   4922000	    5000	    1000	       2
    3978	     255	    3966	   3966000	    5000	    1000	       2
    3978	     319	    3980	   3980000	    5000	    1000	       2
    3978	     265	    4140	   4140000	    5000	    1000	       2
    3978	     225	    3997	   3997000	    5000	    1000	       2
    2652	     190	    2953	   2953000	    5000	    1000	       2
    5304	     349	    3869	   3869000	    5000	    1000	       2
    2652	     261	    4599	   4599000	    5000	    1000	       2
    5304	     265	    4537	   4537000	    5000	    1000	       2
    3978	     253	    3766	   3766000	    5000	    1000	       2
    3978	     243	    3803	   3803000	    5000	    1000	       2
    5304	     214	    4482	   4482000	    5000	    1000	       2
    3978	     241	    3978	   3978000	    5000	    1000	       2
    2652	     325	    3709	   3709000	    5000	    1000	       2
    5304	     255	    4210	   3860400	    5000	    1000	       2
    2652	     268	    3609	    180450	    5000	    1000	       2
       0	    1000	     360	     18000	    5000	    1000	       3
       0	    1000	       0	         0	    5000	    1000	       3
       0	    1000	       0	         0	    5000	    1000	       3
       0	    1000	       0	         0	    5000	    1000	       3
       0	    1000	       0	         0	    5000	    1000	       3
       0	    1000	       0	         0	    5000	    1000	       3
       0	    1000	       0	         0	    5000	    1000	       3
       0	    1000	       0	         0	    5000	    1000	       3
       0	    1000	       0	         0	    5000	    1000	       3
       0	    1000	       0	         0	    5000	    1000	       3
       0	    1000	       0	         0	    5000	    1000	       3
       0	    1000	       0	         0	    5000	    1000	       3
       0	    1000	       0	         0	    5000	    1000	       3
       0	    1000	       0	         0	    5000	    1000	       3
       0	    1000	       0	         0	    5000	    1000	       3
       0	    1000	       0	         0	    5000	    1000	       3
       0	    1000	       0	         0	    5000	    1000	       3
       0	    1000	       0	         0	    5000	    1000	       3
       0	    1000	       0	         0	    5000	    1000	       3
       0	    1000	       0	         0	    5000	    1000	       3
       0	    1000	       0	         0	    5000	    1000	       3
       0	    1000	       0	         0	    5000	    1000	       3
       0	    1000	       0	         0	    5000	    1000	       3
       0	    1000	       0	         0	    5000	    1000	       3
       0	    1000	       0	         0	    5000	    1000	       3
       0	    1000	       0	         0	    5000	    1000	       3
       0	    1000	       0	         0	    5000	    1000	       3
       0	    1000	       0	         0	    5000	    1000	       3
       0	    1000	       0	         0	    5000	    1000	       3
       0	    1000	       0	         0	    5000	    1000	       3
       0	    1000	       0	         0	    5000	    1000	       3
       0	    1000	       0	         0	    5000	    1000	       3
       0	    1000	       0	         0	    5000	    1000	       3
       0	    1000	       0	         0	    5000	    1000	       3
       0	    1000	       0	         0	    5000	    1000	       3
       0	    1000	       0	         0	    5000	    1000	       3
       0	    1000	       0	         0	    5000	    1000	       3
       0	    1000	       0	         0	    5000	    1000	       3
       0	    1000	       0	         0	    5000	    1000	       3
       0	    1000	       0	         0	    5000	    1000	       3
       0	    1000	       0	         0	    5000	    1000	       3
       0	    1000	       0	         0	    5000	    1000	       3
       0	    1000	       0	         0	    5000	    1000	       3
       0	    1000	       0	         0	    5000	    1000	       3
       0	    1000	       0	         0	    5000	    1000	       3
       0	    1000	       0	         0	    5000	    1000	       3
       0	    1000	       0	         0	    5000	    1000	       3
       0	    1000	       0	         0	    5000	    1000	       3
       0	    1000	       0	         0	    4780	    1000	       3
       0	    1000	       0	         0	    4780	    1000	       3
       0	    1000	       0	         0	    4780	    1000	       3
       0	    1000	       0	         0	    4780	    1000	       3
       0	    1000	       0	         0	    4780	    1000	       3
       0	    1000	       0	         0	    4780	    1000	       3
       0	    1000	       0	         0	    4780	    1000	       3
       0	    1000	       0	         0	    4780	    1000	       3
       0	    1000	       0	         0	    4780	    1000	       3
       0	    1000	       0	         0	    4780	    1000	       3
       0	    1000	       0	         0	    4780	    1000	       3
       0	    1000	       0	         0	    4780	    1000	       3
       0	    1000	       0	         0	    4780	    1000	       3
       0	    1000	       0	         0	    4780	    1000	       3
       0	    1000	       0	         0	    4780	    1000	       3
       0	    1000	       0	         0	    4780	    1000	       3
       0	    1000	       0	         0	    4780	    1000	       3
       0	    1000	       0	         0	    4780	    1000	       3
       0	    1000	       0	         0	    4780	    1000	       3
       0	    1000	       0	         0	    4780	    1000	       3
       0	    1000	       0	         0	    5000	    1000	       3
       0	    1000	       0	         0	    5000	    1000	       3
       0	    1000	       0	         0	    5000	    1000	       3
       0	    1000	       0	         0	    5000	    1000	       3
       0	    1000	       0	         0	    5000	    1000	       3
       0	    1000	       0	         0	    5000	    1000	       3
       0	    1000	       0	         0	    5000	    1000	       3
       0	    1000	       0	         0	    5000	    1000	       3
       0	    1000	       0	         0	    5000	    1000	       3
       0	    1000	       0	         0	    5000	    1000	       3
       0	    1000	       0	         0	    5000	    1000	       3
       0	    1000	       0	         0	    5000	    1000	       3
       0	    1000	       0	         0	    5000	    1000	       3
       0	    1000	       0	         0	    5000	    1000	       3
       0	    1000	       0	         0	    5000	    1000	       3
       0	    1000	       0	         0	    5000	    1000	       3
       0	    1000	       0	         0	    5000	    1000	       3
       0	    1000	       0	         0	    5000	    1000	       3
       0	    1000	       0	         0	    5000	    1000	       3
       0	    1000	       0	         0	    5000	    1000	       3
       0	    1000	       0	         0	    5000	    1000	       3
       0	    1000	       0	         0	    5000	    1000	       3
       0	    1000	       0	         0	    5000	    1000	       3
       0	    1000	       0	         0	    5000	    1000	       3
       0	    1000	       0	         0	    5000	    1000	       3
       0	    1000	       0	         0	    5000	    1000	       3
       0	    1000	       0	         0	    5000	    1000	       3
       0	    1000	       0	         0	    5000	    1000	       3
       0	    1000	       0	         0	    5000	    1000	       3
       0	    1000	       0	         0	    5000	    1000	       3
       0	    1000	       0	         0	    5000	    1000	       3
       0	    1000	       0	         0	    5000	    1000	       3
       0	    1000	       0	         0	    5000	    1000	       3
       0	    1000	       0	         0	    5000	    1000	       3
       0	    1000	       0	         0	    5000	    1000	       3
       0	    1000	       0	         0	    5000	    1000	       3
       0	    1000	       0	         0	    5000	    1000	       3
       0	    1000	       0	         0	    5000	    1000	       3
       0	    1000	       0	         0	    5000	    1000	       3
       0	    1000	       0	         0	    5000	    1000	       3
       0	    1000	       0	         0	    5000	    1000	       3
       0	    1000	       0	         0	    5000	    1000	       3
       0	    1000	       0	         0	    5000	    1000	       3
       0	    1000	       0	         0	    5000	    1000	       3
       0	    1000	       0	         0	    5000	    1000	       3
       0	    1000	       0	         0	    5000	    1000	       3
       0	    1000	       0	         0	    5000	    1000	       3
       0	    1000	       0	         0	    5000	    1000	       3
       0	    1000	       0	         0	    5000	    1000	       3
       0	    1000	       0	         0	    5000	    1000	       3
       0	    1000	       0	         0	    5000	    1000	       3
       0	    1000	       0	         0	    5000	    1000	       3
       0	    1000	       0	         0	    5000	    1000	       3
       0	    1000	       0	         0	    5000	    1000	       3
       0	    1000	       0	         0	    5000	    1000	       3
       0	    1000	       0	         0	    5000	    1000	       3
       0	    1000	       0	         0	    5000	    1000	       3
       0	    1000	       0	         0	    5000	    1000	       3
       0	    1000	       0	         0	    5000	    1000	       3
       0	    1000	       0	         0	    5000	    1000	       3
       0	    1000	       0	         0	    5000	    1000	       3
       0	    1000	       0	         0	    5000	    1000	       3
       0	    1000	       0	         0	    5000	    1000	       3
       0	    1000	       0	         0	    5000	    1000	       3
       0	    1000	       0	         0	    5000	    1000	       3
       0	    1000	       0	         0	    5000	    1000	       3
       0	    1000	       0	         0	    5000	    1000	       3
       0	    1000	       0	         0	    5000	    1000	       3
       0	    1000	       0	         0	    5000	    1000	       3
       0	    1000	       0	         0	    5000	    1000	       3
       0	    1000	       0	         0	    5000	    1000	       3
       0	    1000	       0	         0	    5000	    1000	       3
       0	    1000	       0	         0	    5000	    1000	       3
       0	    1000	       0	         0	    5000	    1000	       3
       0	    1000	       0	         0	    5000	    1000	       3
       0	    1000	       0	         0	    5000	    1000	       3
       0	    1000	       0	         0	    5000	    1000	       3
       0	    1000	       0	         0	    5000	    1000	       3
       0	    1000	       0	         0	    5000	    1000	       3
       0	    1000	       0	         0	    5000	    1000	       3
       0	    1000	       0	         0	    5000	    1000	       3
       0	    1000	       0	         0	    5000	    1000	       3
       0	    1000	       0	         0	    5000	    1000	       3
       0	    1000	       0	         0	    5000	    1000	       3
       0	    1000	       0	         0	    5000	    1000	       3
       0	    1000	       0	         0	    5000	    1000	       3
       0	    1000	       0	         0	    5000	    1000	       3
       0	    1000	       0	         0	    5000	    1000	       3
       0	    1000	       0	         0	    5000	    1000	       3
       0	    1000	       0	         0	    5000	    1000	       3
       0	    1000	       0	         0	    5000	    1000	       3
       0	    1000	       0	         0	    5000	    1000	       3
       0	    1000	       0	         0	    5000	    1000	       3
       0	    1000	       0	         0	    5000	    1000	       3
       0	    1000	       0	         0	    5000	    1000	       3
       0	    1000	       0	         0	    5000	    1000	       3
       0	    1000	       0	         0	    5000	    1000	       3
       0	    1000	       0	         0	    5000	    1000	       3
       0	    1000	       0	         0	    5000	    1000	       3
       0	    1000	       0	         0	    5000	    1000	       3
       0	    1000	       0	         0	    5000	    1000	       3
       0	    1000	       0	         0	    5000	    1000	       3
       0	    1000	       0	         0	    5000	    1000	       3
       0	    1000	       0	         0	    5000	    1000	       3
       0	    1000	       0	         0	    5000	    1000	       3
       0	    1000	       0	         0	    5000	    1000	       3
       0	    1000	       0	         0	    5000	    1000	       3
       0	    1000	       0	         0	    5000	    1000	       3
       0	    1000	       0	         0	    5000	    1000	       3
       0	    1000	       0	         0	    5000	    1000	       3
       0	    1000	       0	         0	    5000	    1000	       3
       0	    1000	       0	         0	    5000	    1000	       3
       0	    1000	       0	         0	    5000	    1000	       3
       0	    1000	       0	         0	    5000	    1000	       3
       0	    1000	       0	         0	    5000	    1000	       3
       0	    1000	       0	         0	    5000	    1000	       3
       0	    1000	       0	         0	    5000	    1000	       3
       0	    1000	       0	         0	    5000	    1000	       3
       0	    1000	       0	         0	    5000	    1000	       3
       0	    1000	       0	         0	    5000	    1000	       3
       0	    1000	       0	         0	    5000	    1000	       3
       0	    1000	       0	         0	    5000	    1000	       3
       0	    1000	       0	         0	    5000	    1000	       3
       0	    1000	       0	         0	    5000	    1000	       3
       0	    1000	       0	         0	    5000	    1000	       3
       0	    1000	       0	         0	    5000	    1000	       3
       0	    1000	       0	         0	    5000	    1000	       3
       0	    1000	       0	         0	    5000	    1000	       3
       0	    1000	       0	         0	    5000	    1000	       3
       0	    1000	       0	         0	    5000	    1000	       3
       0	    1000	       0	         0	    5000	    1000	       3
       0	    1000	       0	         0	    5000	    1000	       3
       0	    1000	       0	         0	    5000	    1000	       3
       0	    1000	       0	         0	    5000	    1000	       3
       0	    1000	       0	         0	    5000	    1000	       3
       0	    1000	       0	         0	    5000	    1000	       3
       0	    1000	       0	         0	    5000	    1000	       3
       0	    1000	       0	         0	    5000	    1000	       3
       0	    1000	       0	         0	    5000	    1000	       3
       0	    1000	       0	         0	    5000	    1000	       3
       0	    1000	       0	         0	    5000	    1000	       3
       0	    1000	       0	         0	    5000	    1000	       3
       0	    1000	       0	         0	    5000	    1000	       3
       0	    1000	       0	         0	    5000	    1000	       3
       0	    1000	       0	         0	    5000	    1000	       3
       0	    1000	       0	         0	    5000	    1000	       3
       0	    1000	       0	         0	    5000	    1000	       3
       0	    1000	       0	         0	    5000	    1000	       3
       0	    1000	       0	         0	    5000	    1000	       3
       0	    1000	       0	         0	    5000	    1000	       3
       0	    1000	       0	         0	    5000	    1000	       3
       0	    1000	       0	         0	    5000	    1000	       3
       0	    1000	       0	         0	    5000	    1000	       3
       0	    1000	       0	         0	    5000	    1000	       3
       0	    1000	       0	         0	    5000	    1000	       3
       0	    1000	       0	         0	    5000	    1000	       3
       0	    1000	       0	         0	    5000	    1000	       3
       0	    1000	       0	         0	    5000	    1000	       3
       0	    1000	       0	         0	    5000	    1000	       3
       0	    1000	       0	         0	    5000	    1000	       3
       0	    1000	       0	         0	    5000	    1000	       3
       0	    1000	       0	         0	    5000	    1000	       3
       0	    1000	       0	         0	    5000	    1000	       3
       0	    1000	       0	         0	    5000	    1000	       3
       0	    1000	       0	         0	    5000	    1000	       3
       0	    1000	       0	         0	    5000	    1000	       3
       0	    1000	       0	         0	    5000	    1000	       3
       0	    1000	       0	         0	    5000	    1000	       3
       0	    1000	       0	         0	    5000	    1000	       3
       0	    1000	       0	         0	    5000	    1000	       3
       0	    1000	       0	         0	    5000	    1000	       3
       0	    1000	       0	         0	    5000	    1000	       3
       0	    1000	       0	         0	    5000	    1000	       3
       0	    1000	       0	         0	    5000	    1000	       3
       0	    1000	       0	         0	    5000	    1000	       3
       0	    1000	       0	         0	    5000	    1000	       3
       0	    1000	       0	         0	    5000	    1000	       3
       0	    1000	       0	         0	    5000	    1000	       3
       0	    1000	       0	         0	    5000	    1000	       3
       0	    1000	       0	         0	    5000	    1000	       3
       0	    1000	       0	         0	    5000	    1000	       3
       0	    1000	       0	         0	    5000	    1000	       0
       0	    1000	       0	         0	    5000	    1000	       0
       0	    1000	       0	         0	    5000	    1000	       0
       0	    1000	       0	         0	    5000	    1000	       0
       0	    1000	       0	         0	    5000	    1000	       0
       0	    1000	       0	         0	    5000	    1000	       0
       0	    1000	       0	         0	    5000	    1000	       0
       0	    1000	       0	         0	    5000	    1000	       0
       0	    1000	       0	         0	    5000	    1000	       0
       0	    1000	       0	         0	    5000	    1000	       0
       0	    1000	       0	         0	    5000	    1000	       0
       0	    1000	       0	         0	    5000	    1000	       0
       0	    1000	       0	         0	    5000	    1000	       0
       0	    1000	       0	         0	    5000	    1000	       0
       0	    1000	       0	         0	    5000	    1000	       0
       0	    1000	       0	         0	    5000	    1000	       0
       0	    1000	       0	         0	    5000	    1000	       0
       0	    1000	       0	         0	    5000	    1000	       0
       0	    1000	       0	         0	    5000	    1000	       0
       0	    1000	       0	         0	    5000	    1000	       0
       0	    1000	       0	         0	    5000	    1000	       0
       0	    1000	       0	         0	    5000	    1000	       0
       0	    1000	       0	         0	    5000	    1000	       0
       0	    1000	       0	         0	    5000	    1000	       0
       0	    1000	       0	         0	    5000	    1000	       0
       0	    1000	       0	         0	    5000	    1000	       0
       0	    1000	       0	         0	    5000	    1000	       0
       0	    1000	       0	         0	    5000	    1000	       0
       0	    1000	       0	         0	    5000	    1000	       0
       0	    1000	       0	         0	    5000	    1000	       0
       0	    1000	       0	         0	    5000	    1000	       0
       0	    1000	       0	         0	    5000	    1000	       0
       0	    1000	       0	         0	    5000	    1000	       0
       0	    1000	       0	         0	    5000	    1000	       0
       0	    1000	       0	         0	    5000	    1000	       0
       0	    1000	       0	         0	    5000	    1000	       0
       0	    1000	       0	         0	    5000	    1000	       0
       0	    1000	       0	         0	    5000	    1000	       0
       0	    1000	       0	         0	    5000	    1000	       0
       0	    1000	       0	         0	    5000	    1000	       0
       0	    1000	       0	         0	    5000	    1000	       0
       0	    1000	       0	         0	    5000	    1000	       0
       0	    1000	       0	         0	    5000	    1000	       0
       0	    1000	       0	         0	    5000	    1000	       0
       0	    1000	       0	         0	    5000	    1000	       0
       0	    1000	       0	         0	    5000	    1000	       0
       0	    1000	       0	         0	    5000	    1000	       0
       0	    1000	       0	         0	    5000	    1000	       0
       0	    1000	       0	         0	    5000	    1000	       0
       0	    1000	       0	         0	    5000	    1000	       0
       0	    1000	       0	         0	    5000	    1000	       0
       0	    1000	       0	         0	    5000	    1000	       0
       0	    1000	       0	         0	    5000	    1000	       0
       0	    1000	       0	         0	    5000	    1000	       0
       0	    1000	       0	         0	    5000	    1000	       0
       0	    1000	       0	         0	    5000	    1000	       0
       0	    1000	       0	         0	    5000	    1000	       0
       0	    1000	       0	         0	    5000	    1000	       0
       0	    1000	       0	         0	    5000	    1000	       0
       0	    1000	       0	         0	    5000	    1000	       0
       0	    1000	       0	         0	    5000	    1000	       0
       0	    1000	       0	         0	    5000	    1000	       0
       0	    1000	       0	         0	    5000	    1000	       0
       0	    1000	       0	         0	    5000	    1000	       0
       0	    1000	       0	         0	    5000	    1000	       0
       0	    1000	       0	         0	    5000	    1000	       0
       0	    1000	       0	         0	    5000	    1000	       0
       0	    1000	       0	         0	    5000	    1000	       0
       0	    1000	       0	         0	    5000	    1000	       0
       0	    1000	       0	         0	    5000	    1000	       0
       0	    1000	       0	         0	    5000	    1000	       0
       0	    1000	       0	         0	    5000	    1000	       0
       0	    1000	       0	         0	    5000	    1000	       0
       0	    1000	       0	         0	    5000	    1000	       0
       0	    1000	       0	         0	    5000	    1000	       0
       0	    1000	       0	         0	    5000	    1000	       0
       0	    1000	       0	         0	    5000	    1000	       0
       0	    1000	       0	         0	    5000	    1000	       0
       0	    1000	       0	         0	    5000	    1000	       0
       0	    1000	       0	         0	    5000	    1000	       0
       0	    1000	       0	         0	    5000	    1000	       0
       0	    1000	       0	         0	    5000	    1000	       0
       0	    1000	       0	         0	    5000	    1000	       0
       0	    1000	       0	         0	    5000	    1000	       0
       0	    1000	       0	         0	    5000	    1000	       0
       0	    1000	       0	         0	    5000	    1000	       0
       0	    1000	       0	         0	    5000	    1000	       0
       0	    1000	       0	         0	    5000	    1000	       0
       0	    1000	       0	         0	    5000	    1000	       0
       0	    1000	       0	         0	    5000	    1000	       0
       0	    1000	       0	         0	    5000	    1000	       0
       0	    1000	       0	         0	    5000	    1000	       0
       0	    1000	       0	         0	    5000	    1000	       0
       0	    1000	       0	         0	    5000	    1000	       0
       0	    1000	       0	         0	    5000	    1000	       0
       0	    1000	       0	         0	    5000	    1000	       0
       0	    1000	       0	         0	    5000	    1000	       0
       0	    1000	       0	         0	    5000	    1000	       0
       0	    1000	       0	         0	    5000	    1000	       0
       0	    1000	       0	         0	    5000	    1000	       0
       0	    1000	       0	         0	    5000	    1000	       0
       0	    1000	       0	         0	    5000	    1000	       0
       0	    1000	       0	         0	    5000	    1000	       0
       0	    1000	       0	         0	    5000	    1000	       0
       0	    1000	       0	         0	    5000	    1000	       0
       0	    1000	       0	         0	    5000	    1000	       0
       0	    1000	       0	         0	    5000	    1000	       0
       0	    1000	       0	         0	    5000	    1000	       0
       0	    1000	       0	         0	    5000	    1000	       0
       0	    1000	       0	         0	    5000	    1000	       0
       0	    1000	       0	         0	    5000	    1000	       0
       0	    1000	       0	         0	    5000	    1000	       0
       0	    1000	       0	         0	    5000	    1000	       0
       0	    1000	       0	         0	    5000	    1000	       0
       0	    1000	       0	         0	    5000	    1000	       0
       0	    1000	       0	         0	    5000	    1000	       0
       0	    1000	       0	         0	    5000	    1000	       0
       0	    1000	       0	         0	    5000	    1000	       0
       0	    1000	       0	         0	    5000	    1000	       0
       0	    1000	       0	         0	     317	    1000	       0
       0	    1000	       0	         0	     317	    1000	       0
       0	    1000	       0	         0	     317	    1000	       0
       0	    1000	       0	         0	     317	    1000	       0
       0	    1000	       0	         0	     317	    1000	       0
       0	    1000	       0	         0	     317	    1000	       0
       0	    1000	       0	         0	     317	    1000	       0
       0	    1000	       0	         0	     317	    1000	       0
       0	    1000	       0	         0	     317	    1000	       0
       0	    1000	       0	         0	     317	    1000	       0
       0	    1000	       0	         0	     317	    1000	       0
       0	    1000	       0	         0	     317	    1000	       0
       0	    1000	       0	         0	     317	    1000	       0
       0	    1000	       0	         0	     317	    1000	       0
       0	    1000	       0	         0	     317	    1000	       0
       0	    1000	       0	         0	     317	    1000	       0
       0	    1000	       0	         0	     317	    1000	       0
       0	    1000	       0	         0	     317	    1000	       0
       0	    1000	       0	         0	     317	    1000	       0
       0	    1000	       0	         0	     317	    1000	       0
       0	    1000	       0	         0	     463	    1000	       0
       0	    1000	       0	         0	     463	    1000	       0
       0	    1000	       0	         0	     463	    1000	       0
       0	    1000	       0	         0	     463	    1000	       0
       0	    1000	       0	         0	     463	    1000	       0
       0	    1000	       0	         0	     463	    1000	       0
       0	    1000	       0	         0	     463	    1000	       0
       0	    1000	       0	         0	     463	    1000	       0
       0	    1000	       0	         0	     463	    1000	       0
       0	    1000	       0	         0	     463	    1000	       0
       0	    1000	       0	         0	     463	    1000	       0
       0	    1000	       0	         0	     463	    1000	       0
       0	    1000	       0	         0	     463	    1000	       0
       0	    1000	       0	         0	     463	    1000	       0
       0	    1000	       0	         0	     463	    1000	       0
       0	    1000	       0	         0	     463	    1000	       0
       0	    1000	       0	         0	     463	    1000	       0
       0	    1000	       0	         0	     463	    1000	       0
       0	    1000	       0	         0	     463	    1000	       0
       0	    1000	       0	         0	     463	    1000	       0
       0	    1000	       0	         0	     463	    1000	       0
       0	    1000	       0	         0	     463	    1000	       0
       0	    1000	       0	         0	     463	    1000	       0
       0	    1000	       0	         0	     463	    1000	       0
       0	    1000	       0	         0	     463	    1000	       0
       0	    1000	       0	         0	     463	    1000	       0
       0	    1000	       0	         0	     463	    1000	       0
       0	    1000	       0	         0	     463	    1000	       0
       0	    1000	       0	         0	     463	    1000	       0
       0	    1000	       0	         0	     463	    1000	       0
       0	    1000	       0	         0	     463	    1000	       0
       0	    1000	       0	         0	     463	    1000	       0
       0	    1000	       0	         0	     463	    1000	       0
       0	    1000	       0	         0	     463	    1000	       0
       0	    1000	       0	         0	     463	    1000	       0
       0	    1000	       0	         0	     463	    1000	       0
       0	    1000	       0	         0	     463	    1000	       0
       0	    1000	       0	         0	     463	    1000	       0
       0	    1000	       0	         0	     463	    1000	       0
       0	    1000	       0	         0	     463	    1000	       0
       0	    1000	       0	         0	     463	    1000	       0
       0	    1000	       0	         0	     463	    1000	       0
       0	    1000	       0	         0	     463	    1000	       0
       0	    1000	       0	         0	     463	    1000	       0
       0	    1000	       0	         0	     463	    1000	       0
       0	    1000	       0	         0	     463	    1000	       0
       0	    1000	       0	         0	     463	    1000	       0
       0	    1000	       0	         0	     463	    1000	       0
       0	    1000	       0	         0	     463	    1000	       0
       0	    1000	       0	         0	     463	    1000	       0
       0	    1000	       0	         0	     463	    1000	       0
       0	    1000	       0	         0	     463	    1000	       0
       0	    1000	       0	         0	     463	    1000	       0
       0	    1000	       0	         0	     463	    1000	       0
       0	    1000	       0	         0	     463	    1000	       0
       0	    1000	       0	         0	     463	    1000	       0
       0	    1000	       0	         0	     463	    1000	       0
       0	    1000	       0	         0	     463	    1000	       0
       0	    1000	       0	         0	     463	    1000	       0
       0	    1000	       0	         0	     463	    1000	       0
       0	    1000	       0	         0	     463	    1000	       0
       0	    1000	       0	         0	     463	    1000	       0
       0	    1000	       0	         0	     463	    1000	       0
       0	    1000	       0	         0	     463	    1000	       0
       0	    1000	       0	         0	     463	    1000	       0
       0	    1000	       0	         0	     463	    1000	       0
       0	    1000	       0	         0	     463	    1000	       0
       0	    1000	       0	         0	     463	    1000	       0
       0	    1000	       0	         0	     463	    1000	       0
       0	    1000	       0	         0	     463	    1000	       0
       0	    1000	       0	         0	     463	    1000	       0
       0	    1000	       0	         0	     463	    1000	       0
       0	    1000	       0	         0	     463	    1000	       0
       0	    1000	       0	         0	     463	    1000	       0
       0	    1000	       0	         0	     463	    1000	       0
       0	    1000	       0	         0	     463	    1000	       0
       0	    1000	       0	         0	     463	    1000	       0
       0	    1000	       0	         0	     463	    1000	       0
       0	    1000	       0	         0	     463	    1000	       0
       0	    1000	       0	         0	     463	    1000	       0
       0	    1000	       0	         0	     463	    1000	       0
       0	    1000	       0	         0	     463	    1000	       0
       0	    1000	       0	         0	     463	    1000	       0
       0	    1000	       0	         0	     463	    1000	       0
       0	    1000	       0	         0	     463	    1000	       0
       0	    1000	       0	         0	     463	    1000	       0
       0	    1000	       0	         0	     463	    1000	       0
       0	    1000	       0	         0	     463	    1000	       0
       0	    1000	       0	         0	     463	    1000	       0
       0	    1000	       0	         0	     463	    1000	       0
       0	    1000	       0	         0	     463	    1000	       0
       0	    1000	       0	         0	     463	    1000	       0
       0	    1000	       0	         0	     463	    1000	       0
       0	    1000	       0	         0	     463	    1000	       0
       0	    1000	       0	         0	     463	    1000	       0
       0	    1000	       0	         0	     463	    1000	       0
       0	    1000	       0	         0	     463	    1000	       0
       0	    1000	       0	         0	     463	    1000	       0
       0	    1000	       0	         0	     463	    1000	       0
       0	    1000	       0	         0	     463	    1000	       0
       0	    1000	       0	         0	    1055	    1000	       0
       0	    1000	       0	         0	    1055	    1000	       0
       0	    1000	       0	         0	    1055	    1000	       0
       0	    1000	       0	         0	    1055	    1000	       0
       0	    1000	       0	         0	    1055	    1000	       0
       0	    1000	       0	         0	    1055	    1000	       0
       0	    1000	       0	         0	    1055	    1000	       0
       0	    1000	       0	         0	    1055	    1000	       0
       0	    1000	       0	         0	    1055	    1000	       0
       0	    1000	       0	         0	    1055	    1000	       0
       0	    1000	       0	         0	    1055	    1000	       0
       0	    1000	       0	         0	    1055	    1000	       0
       0	    1000	       0	         0	    1055	    1000	       1
       0	    1000	       0	         0	    1055	    1000	       1
       0	    1000	       0	         0	    1055	    1000	       1
       0	    1000	       0	         0	    1055	    1000	       1
       0	    1000	       0	         0	    1055	    1000	       1
       0	    1000	       0	         0	    1055	    1000	       1
       0	    1000	       0	         0	    1055	    1000	       1
       0	    1000	       0	         0	    1055	    1000	       1
       0	    1000	       0	         0	    2555	    1000	       1
       0	    1000	       0	         0	    2555	    1000	       1
       0	    1000	       0	         0	    2555	    1000	       1
       0	    1000	       0	         0	    2555	    1000	       1
       0	    1000	       0	         0	    2555	    1000	       1
       0	    1000	       0	         0	    2555	    1000	       1
       0	    1000	       0	         0	    2555	    1000	       1
       0	    1000	       0	         0	    2555	    1000	       1
       0	    1000	       0	         0	    2555	    1000	       1
       0	    1000	       0	         0	    2555	    1000	       1
       0	    1000	       0	         0	    2555	    1000	       1
       0	    1000	       0	         0	    2555	    1000	       1
       0	    1000	       0	         0	    2555	    1000	       1
       0	    1000	       0	         0	    2555	    1000	       1
       0	    1000	       0	         0	    2555	    1000	       1
       0	    1000	       0	         0	    2555	    1000	       1
       0	    1000	       0	         0	    2555	    1000	       1
       0	    1000	       0	         0	    2555	    1000	       1
       0	    1000	       0	         0	    2555	    1000	       1
       0	    1000	       0	         0	    2555	    1000	       1
       0	    1000	       0	         0	    2555	    1000	       1
       0	    1000	       0	         0	    2555	    1000	       1
       0	    1000	       0	         0	    2555	    1000	       1
       0	    1000	       0	         0	    2555	    1000	       1
       0	    1000	       0	         0	    2555	    1000	       1
       0	    1000	       0	         0	    2555	    1000	       1
       0	    1000	       0	         0	    2555	    1000	       1
       0	    1000	       0	         0	    2555	    1000	       1
       0	    1000	       0	         0	    2555	    1000	       1
       0	    1000	       0	         0	    2555	    1000	       1
       0	    1000	       0	         0	    2555	    1000	       1
       0	    1000	       0	         0	    2555	    1000	       1
       0	    1000	       0	         0	    2555	    1000	       1
       0	    1000	       0	         0	    2555	    1000	       1
       0	    1000	       0	         0	    2555	    1000	       1
       0	    1000	       0	         0	    2555	    1000	       1
       0	    1000	       0	         0	    2555	    1000	       1
       0	    1000	       0	         0	    2555	    1000	       1
       0	    1000	       0	         0	    2555	    1000	       1
       0	    1000	       0	         0	    2555	    1000	       1
       0	    1000	       0	         0	    2555	    1000	       1
       0	    1000	       0	         0	    2555	    1000	       1
       0	    1000	       0	         0	    2555	    1000	       1
       0	    1000	       0	         0	    2555	    1000	       1
       0	    1000	       0	         0	    2555	    1000	       1
       0	    1000	       0	         0	    2555	    1000	       1
       0	    1000	       0	         0	    2555	    1000	       1
       0	    1000	       0	         0	    2555	    1000	       1
       0	    1000	       0	         0	    2555	    1000	       1
       0	    1000	       0	         0	    2555	    1000	       1
       0	    1000	       0	         0	    2555	    1000	       1
       0	    1000	       0	         0	    2555	    1000	       1
       0	    1000	       0	         0	    2555	    1000	       1
       0	    1000	       0	         0	    2555	    1000	       1
       0	    1000	       0	         0	    2555	    1000	       1
       0	    1000	       0	         0	    2555	    1000	       1
       0	    1000	       0	         0	    2555	    1000	       1
       0	    1000	       0	         0	    2555	    1000	       1
       0	    1000	       0	         0	    2555	    1000	       1
       0	    1000	       0	         0	    2555	    1000	       1
       0	    1000	       0	         0	    2555	    1000	       1
       0	    1000	       0	         0	    2555	    1000	       1
       0	    1000	       0	         0	    2555	    1000	       1
       0	    1000	       0	         0	    2555	    1000	       1
       0	    1000	       0	         0	    2555	    1000	       1
       0	    1000	       0	         0	    2555	    1000	       1
       0	    1000	       0	         0	    2555	    1000	       1
       0	    1000	       0	         0	    2555	    1000	       1
       0	    1000	       0	         0	    2555	    1000	       1
       0	    1000	       0	         0	    2555	    1000	       1
       0	    1000	       0	         0	    2555	    1000	       1
       0	    1000	       0	         0	    2555	    1000	       1
       0	    1000	       0	         0	    2555	    1000	       1
       0	    1000	       0	         0	    2555	    1000	       1
       0	    1000	       0	         0	    2555	    1000	       1
       0	    1000	       0	         0	    2555	    1000	       1
       0	    1000	       0	         0	    2555	    1000	       1
       0	    1000	       0	         0	    2555	    1000	       1
       0	    1000	       0	         0	    2555	    1000	       1
       0	    1000	       0	         0	    2555	    1000	       1
       0	    1000	       0	         0	    3109	    1000	       1
       0	    1000	       0	         0	    3109	    1000	       1
       0	    1000	       0	         0	    3109	    1000	       1
       0	    1000	       0	         0	    3109	    1000	       1
       0	    1000	       0	         0	    3109	    1000	       1
       0	    1000	       0	         0	    3109	    1000	       1
       0	    1000	       0	         0	    3109	    1000	       1
       0	    1000	       0	         0	    3109	    1000	       1
       0	    1000	       0	         0	    3109	    1000	       1
       0	    1000	       0	         0	    3109	    1000	       1
       0	    1000	       0	         0	    3109	    1000	       1
       0	    1000	       0	         0	    3109	    1000	       1
       0	    1000	       0	         0	    3109	    1000	       1
       0	    1000	       0	         0	    3109	    1000	       1
       0	    1000	       0	         0	    3109	    1000	       1
       0	    1000	       0	         0	    3109	    1000	       1
       0	    1000	       0	         0	    3109	    1000	       1
       0	    1000	       0	         0	    3109	    1000	       1
       0	    1000	       0	         0	    3109	    1000	       1
       0	    1000	       0	         0	    3109	    1000	       1
       0	    1000	       0	         0	    3109	    1000	       1
       0	    1000	       0	         0	    3109	    1000	       1
       0	    1000	       0	         0	    3109	    1000	       1
       0	    1000	       0	         0	    3109	    1000	       1
       0	    1000	       0	         0	    3109	    1000	       1
       0	    1000	       0	         0	    3109	    1000	       1
       0	    1000	       0	         0	    3109	    1000	       1
       0	    1000	       0	         0	    3109	    1000	       1
       0	    1000	       0	         0	    3109	    1000	       1
       0	    1000	       0	         0	    3109	    1000	       1
       0	    1000	       0	         0	    3109	    1000	       1
       0	    1000	       0	         0	    3109	    1000	       1
       0	    1000	       0	         0	    3109	    1000	       1
       0	    1000	       0	         0	    3109	    1000	       1
       0	    1000	       0	         0	    3109	    1000	       1
       0	    1000	       0	         0	    3109	    1000	       1
       0	    1000	       0	         0	    3109	    1000	       1
       0	    1000	       0	         0	    3109	    1000	       1
       0	    1000	       0	         0	    3109	    1000	       1
       0	    1000	       0	         0	    3109	    1000	       1
       0	    1000	       0	         0	    3109	    1000	       1
       0	    1000	       0	         0	    3109	    1000	       1
       0	    1000	       0	         0	    3109	    1000	       1
       0	    1000	       0	         0	    3109	    1000	       1
       0	    1000	    5662	   5662000	    3109	    1000	       2
       0	    1000	    4773	   4773000	    3109	    1000	       2
   12436	    1438	    4160	   4160000	    5000	    1000	       2
    2368	     923	     641	    641000	    5000	    1000	       2
     756	     598	     795	    795000	    5000	    1000	       2
     817	     586	     810	    810000	    5000	    1000	       2
     613	     559	     550	    550000	    5000	    1000	       2
    3109	     337	    5748	   5748000	    5000	    1000	       2
    3095	    1010	    1294	   1294000	    5000	    1000	       2
    3109	     498	    4642	   4642000	    5000	    1000	       2
    2819	     988	    1993	   1993000	    5000	    1000	       2
    3109	     590	    4084	   4084000	    5000	    1000	       2
    3109	     882	    3801	   3801000	    5000	    1000	       2
    5223	     706	    3294	   3297000	    4927	    1000	       2
    3109	     467	    4012	   4012000	    4927	    1000	       2
    3109	     927	    3551	   3551000	    5000	    1000	       2
    3109	     814	    2760	   2760000	    5000	    1000	       2
    3109	     835	    3226	   3226000	    5000	    1000	       2
    2829	     954	    1450	   1450000	    5000	    1000	       2
    4794	     529	    5795	   2788250	    5000	    1000	       2
    3109	     801	    3013	    150650	    5000	    1000	       2
    3109	     681	    3658	    182900	    5000	    1000	       2
    6218	     556	    5328	    266400	    5000	    1000	       2
    2443	     904	    1876	     93800	    5000	    1000	       2
    3109	     446	    4066	    203300	    5000	    1000	       2
    3109	     759	    2881	    144050	    5000	    1000	       2
    2606	     830	    2247	    112350	    5000	    1000	       2
    3109	     572	    3757	    187850	    5000	    1000	       2
    3109	     775	    3257	    162850	    5000	    1000	       2
    6218	     642	    5429	    271450	    5000	    1000	       2
       0	    1000	    3313	    165650	    5000	    1000	       2
    3100	     825	    2274	    113700	    5000	    1000	       2
    5152	     913	    1735	     86750	    5000	    1000	       2
    3109	     373	    4106	    205300	    5000	    1000	       2
    3109	     660	    3462	    173100	    5000	    1000	       2
    3109	     673	    2619	    130950	    5000	    1000	       2
    3109	     542	    3304	    165200	    5000	    1000	       2
    3109	     671	    3221	    161050	    5000	    1000	       2
    3109	     650	    4317	    215850	    5000	    1000	       2
    3109	     614	    3899	    194950	    5000	    1000	       2
    3109	     799	    5661	    283050	    4773	    1000	       2
    6218	     511	    1846	     92300	    4773	    1000	       2
    5314	     531	    5435	    271750	    4773	    1000	       2
    3109	     570	    3282	    164100	    4773	    1000	       2
    2556	     996	    1725	     86250	    4773	    1000	       2
    3109	     519	    3610	    180500	    4773	    1000	       2
    3109	     694	    1958	     97900	    4773	    1000	       2
    1036	    1010	     100	      5000	    4773	    1000	       2
     101	     515	     100	      7700	    4773	    1000	       2
     100	     512	     100	     20000	    4773	    1000	       2
     100	     513	     100	     20000	    4773	    1000	       2
     100	     513	     100	     20000	    4773	    1000	       2
     100	     516	     100	     20000	    4773	    1000	       2
     100	     517	     101	     20200	    4773	    1000	       2
     100	     518	     100	     20000	    4773	    1000	       2
     100	     519	      99	     19800	    4773	    1000	       2
     100	     520	     101	     20200	    4773	    1000	       2
     101	     518	     100	     20000	    4773	    1000	       2
     100	     515	     100	     20000	    4773	    1000	       2
     100	     516	     100	     20000	    4773	    1000	       2
     100	     515	      99	     19800	    4773	    1000	       2
     100	     516	     101	     20200	    4773	    1000	       2
     100	     518	     100	     20000	    4773	    1000	       2
     100	     521	     100	     20000	    4773	    1000	       2
     101	     518	      99	     19800	    4773	    1000	       2
     100	     513	     101	     20200	    4773	    1000	       2
     100	     515	      99	     19800	    4773	    1000	       2
     100	     512	     100	     20000	    4773	    1000	       2
     100	     515	     101	     20200	    4773	    1000	       2
     100	     514	      99	     19800	    4773	    1000	       2
     100	     518	     101	     20200	    4773	    1000	       2
     100	     510	      99	     19800	    4773	    1000	       2
     100	     519	     100	     20000	    4773	    1000	       2
     100	     516	     100	     20000	    4773	    1000	       2
     100	     521	     101	     20200	    4773	    1000	       2
     100	     521	      99	     19800	    4773	    1000	       2
     101	     506	     101	     20200	    4773	    1000	       2
     100	     512	      99	     19800	    4773	    1000	       2
     100	     513	     101	     20200	    4773	    1000	       2
     100	     514	     100	     35200	    4773	    1000	       2
     100	     517	     100	    100000	    4773	    1000	       2
     100	     517	      99	     99000	    4773	    1000	       2
     100	     512	     100	    100000	    4773	    1000	       2
     100	     522	     101	    101000	    4773	    1000	       2
     100	     522	     100	    100000	    4773	    1000	       2
     100	     525	      99	     99000	    4773	    1000	       2
     100	     524	     100	    100000	    4773	    1000	       2
     101	     520	     101	    101000	    4773	    1000	       2
     100	     518	     100	    100000	    4773	    1000	       2
     100	     520	     100	    100000	    4773	    1000	       2
     100	     519	     100	    100000	    4773	    1000	       2
     100	     521	      99	     99000	    4773	    1000	       2
     100	     521	     101	    101000	    4773	    1000	       2
     100	     523	     100	    100000	    4773	    1000	       2
     100	     523	      99	     99000	    4773	    1000	       2
     100	     524	     101	    101000	    4773	    1000	       2
     100	     525	      99	     99000	    4773	    1000	       2
     100	     597	     100	    100000	    4773	    1000	       2
     109	     564	     100	    100000	    4773	    1000	       2
     100	     522	     100	    100000	    4773	    1000	       2
     100	     516	     100	    100000	    4773	    1000	       2
     100	     521	     100	    100000	    4773	    1000	       2
     100	     524	     100	    100000	    4773	    1000	       2
     100	     528	     101	    101000	    4773	    1000	       2
     101	     522	     100	    100000	    4773	    1000	       2
     100	     515	     100	    100000	    4773	    1000	       2
     100	     519	     100	    100000	    4773	    1000	       2
     100	     519	     100	    100000	    4773	    1000	       2
     100	     523	     100	    100000	    4773	    1000	       2
     100	     522	      99	     99000	    4773	    1000	       2
     100	     524	     101	     82950	    4773	    1000	       2
     101	     519	     100	      5000	    4773	    1000	       2
     100	     505	     100	      5000	    4773	    1000	       2
     100	     513	     100	      5000	    4773	    1000	       2
     100	     514	     100	      5000	    4773	    1000	       2
     100	     515	     100	      5000	    4773	    1000	       2
     100	     515	      99	      4950	    4773	    1000	       2
     100	     515	     100	      5000	    4773	    1000	       2
     100	     517	     101	      5050	    4773	    1000	       2
     100	     518	     100	      5000	    4773	    1000	       2
     100	     518	     100	      5000	    4773	    1000	       2
     100	     519	      99	      4950	    4773	    1000	       2
     101	     509	     101	      5050	    4773	    1000	       2
     100	     514	     100	      5000	    4773	    1000	       2
     100	     515	      99	      4950	    4773	    1000	       2
     100	     516	     101	      5050	    4773	    1000	       2
     100	     517	     100	      5000	    4773	    1000	       2
     100	     519	     100	      5000	    4773	    1000	       2
     100	     520	     100	      5000	    4773	    1000	       2
     101	     515	     100	      5000	    4773	    1000	       2
     100	     512	     100	      5000	    4773	    1000	       2
     100	     514	     100	      5000	    4773	    1000	       2
     100	     514	     100	      5000	    4773	    1000	       2
     100	     515	     100	      5000	    4773	    1000	       2
     100	     519	      99	      4950	    4773	    1000	       2
     100	     515	     101	      5050	    4773	    1000	       2
     100	     519	     100	      5000	    4773	    1000	       2
     100	     521	     100	      5000	    4773	    1000	       2
     101	     517	     100	      5000	    4773	    1000	       2
     100	     513	     100	      5000	    4773	    1000	       2
     100	     514	     100	      5000	    4773	    1000	       2
     100	     516	     100	      7850	    4773	    1000	       2
     100	     516	      99	     19800	    4773	    1000	       2
     100	     519	     101	     20200	    4773	    1000	       2
     100	     521	     260	     52000	    4773	    1000	       2
     550	     350	    1002	    200400	    5000	    1000	       2
    1002	     581	     995	    199000	    5000	    1000	       2
    1001	     577	    1001	    200200	    5000	    1000	       2
    1001	     558	    1000	    200000	    5000	    1000	       2
    1002	     575	     999	    199800	    5000	    1000	       2
    1002	     558	    1000	    200000	    5000	    1000	       2
    1002	     576	    1000	    200000	    5000	    1000	       2
    1001	     571	    1000	    200000	    5000	    1000	       2
    1002	     566	    1000	    200000	    5000	    1000	       2
    1002	     568	     999	    199800	    5000	    1000	       2
    1001	     539	    1001	    200200	    5000	    1000	       2
    1001	     567	     998	    199600	    5000	    1000	       2
    1001	     565	    1000	    200000	    5000	    1000	       2
    1003	     567	    1002	    200400	    5000	    1000	       2
    1003	     576	    1000	    200000	    5000	    1000	       2
    1001	     579	    1000	    200000	    5000	    1000	       2
    1002	     572	    1000	    200000	    5000	    1000	       2
    1002	     570	    1000	    200000	    5000	    1000	       2
    1002	     583	    1001	    200200	    5000	    1000	       2
    1002	     581	    1000	    200000	    5000	    1000	       2
    1001	     569	     999	    199800	    5000	    1000	       2
    1002	     569	    1000	    200000	    5000	    1000	       2
    1001	     542	    1001	    200200	    5000	    1000	       2
    1001	     573	     999	    199800	    5000	    1000	       2
    1002	     562	    1000	    200000	    5000	    1000	       2
    1002	     572	    1000	    200000	    5000	    1000	       2
    1001	     574	    1000	    200000	    5000	    1000	       2
    1001	     580	    1000	    352000	    5000	    1000	       2
    1002	     579	    1001	   1001000	    5000	    1000	       2
    1001	     599	    1000	   1000000	    5000	    1000	       2
    1003	     589	     999	    999000	    5000	    1000	       2
    1000	     596	    1000	   1000000	    5000	    1000	       2
    1002	     584	    1001	   1001000	    5000	    1000	       2
    1002	     568	     998	    998000	    5000	    1000	       2
    1002	     562	    1000	   1000000	    5000	    1000	       2
    1002	     562	    1000	   1000000	    5000	    1000	       2
    1003	     574	    1001	   1001000	    5000	    1000	       2
    1001	     575	    1000	   1000000	    5000	    1000	       2
    1002	     581	    1000	   1000000	    5000	    1000	       2
    1002	     570	    1001	   1001000	    5000	    1000	       2
    1002	     576	     999	    999000	    5000	    1000	       2
    1000	     573	    1001	   1001000	    5000	    1000	       2
    1002	     597	    1000	   1000000	    5000	    1000	       2
    1001	     556	    1000	   1000000	    5000	    1000	       2
    1002	     579	     999	    999000	    5000	    1000	       2
    1002	     580	    1000	   1000000	    5000	    1000	       2
    1001	     582	    1001	   1001000	    5000	    1000	       2
    1002	     571	    1000	   1000000	    5000	    1000	       2
    1002	     579	     999	    999000	    5000	    1000	       2
    1001	     563	    1000	   1000000	    5000	    1000	       2
    1002	     578	    1000	   1000000	    5000	    1000	       2
    1002	     555	    1000	   1000000	    5000	    1000	       2
    1001	     569	    1000	   1000000	    5000	    1000	       2
    1001	     594	     999	    999000	    5000	    1000	       2
    1002	     576	    1000	   1000000	    5000	    1000	       2
    1002	     578	    1000	   1000000	    5000	    1000	       2
    1002	     573	    1001	   1001000	    5000	    1000	       2
    1003	     594	    1000	   1000000	    5000	    1000	       2
    1000	     561	    1000	    819500	    5000	    1000	       2
    1002	     586	    1000	     50000	    5000	    1000	       2
    1001	     562	    1000	     50000	    5000	    1000	       2
    1002	     574	    1000	     50000	    5000	    1000	       2
    1002	     566	    1000	     50000	    5000	    1000	       2
    1002	     581	    1000	     50000	    5000	    1000	       2
    1001	     543	    1001	     50050	    5000	    1000	       2
    1001	     543	     999	     49950	    5000	    1000	       2
    1002	     574	    1000	     50000	    5000	    1000	       2
    1001	     581	    1000	     50000	    5000	    1000	       2
    1002	     563	    1000	     50000	    5000	    1000	       2
    1000	     575	    1001	     50050	    5000	    1000	       2
    1002	     568	     999	     49950	    5000	    1000	       2
    1002	     532	    1000	     50000	    5000	    1000	       2
    1006	     566	    1001	     50050	    5000	    1000	       2
    1001	     561	     999	     49950	    5000	    1000	       2
    1002	     575	    1001	     50050	    5000	    1000	       2
    1002	     565	     998	     49900	    5000	    1000	       2
    1001	     561	    1001	     50050	    5000	    1000	       2
     985	     612	    1000	     50000	    5000	    1000	       2
    1076	     591	    1000	     50000	    5000	    1000	       2
    1001	     565	    1000	     50000	    5000	    1000	       2
    1003	     570	    1001	     50050	    5000	    1000	       2
    1001	     553	    1000	     50000	    5000	    1000	       2
    1002	     571	     999	     49950	    5000	    1000	       2
    1000	     575	    1000	     50000	    5000	    1000	       2
    1002	     578	     999	     49950	    5000	    1000	       2
    1002	     564	    1001	     50050	    5000	    1000	       2
    1002	     532	    1001	     50050	    5000	    1000	       2
    1007	     584	     999	     49950	    5000	    1000	       2
    1001	     570	     999	     49950	    5000	    1000	       2
    1002	     558	    1001	     78550	    5000	    1000	       2
    1002	     571	    1001	    200200	    5000	    1000	       2
    1002	     545	     999	    199800	    5000	    1000	       2
    1000	     579	    1001	    200200	    5000	    1000	       2
    1002	     585	     999	    199800	    5000	    1000	       2
    1002	     571	    1000	    200000	    5000	    1000	       2
    1013	     552	    1001	    200200	    5000	    1000	       2
    1001	     578	    1000	    200000	    5000	    1000	       2
    1001	     547	     999	    199800	    5000	    1000	       2
    1001	     573	     998	    199600	    5000	    1000	       2
    1002	     577	    1005	    201000	    5000	    1000	       2
    1002	     573	    2018	    403600	    5000	    1000	       2
    3109	     251	    3994	    798800	    5000	    1000	       2
    3109	     703	    3037	    607400	    5000	    1000	       2
    2983	     748	    2606	    521200	    5000	    1000	       3
       0	    1000	       0	         0	    5000	    1000	       3
       0	    1000	       0	         0	    5000	    1000	       3
       0	    1000	       0	         0	    5000	    1000	       3
       0	    1000	       0	         0	    5000	    1000	       3
       0	    1000	       0	         0	    5000	    1000	       3
       0	    1000	       0	         0	    5000	    1000	       3
       0	    1000	       0	         0	    5000	    1000	       3
       0	    1000	       0	         0	    5000	    1000	       3
       0	    1000	       0	         0	    5000	    1000	       3
       0	    1000	       0	         0	    5000	    1000	       3
       0	    1000	       0	         0	    5000	    1000	       3
       0	    1000	       0	         0	    5000	    1000	       3
       0	    1000	       0	         0	    5000	    1000	       3
       0	    1000	       0	         0	    5000	    1000	       3
       0	    1000	       0	         0	    5000	    1000	       3
       0	    1000	       0	         0	    5000	    1000	       3
       0	    1000	       0	         0	    5000	    1000	       3
       0	    1000	       0	         0	    5000	    1000	       3
       0	    1000	       0	         0	    5000	    1000	       3
       0	    1000	       0	         0	    5000	    1000	       3
       0	    1000	       0	         0	    5000	    1000	       3
       0	    1000	       0	         0	    5000	    1000	       3
       0	    1000	       0	         0	    5000	    1000	       3
       0	    1000	       0	         0	    5000	    1000	       3
       0	    1000	       0	         0	    5000	    1000	       3
       0	    1000	       0	         0	    5000	    1000	       3
       0	    1000	       0	         0	    5000	    1000	       3
       0	    1000	       0	         0	    5000	    1000	       3
       0	    1000	       0	         0	    5000	    1000	       3
       0	    1000	       0	         0	    5000	    1000	       3
       0	    1000	       0	         0	    5000	    1000	       3
       0	    1000	       0	         0	    5000	    1000	       3
       0	    1000	       0	         0	    5000	    1000	       3
       0	    1000	       0	         0	    5000	    1000	       3
       0	    1000	       0	         0	    5000	    1000	       3
       0	    1000	       0	         0	    5000	    1000	       3
       0	    1000	       0	         0	    5000	    1000	       3
       0	    1000	       0	         0	    5000	    1000	       3
       0	    1000	       0	         0	    5000	    1000	       3
       0	    1000	       0	         0	    5000	    1000	       3
       0	    1000	       0	         0	    5000	    1000	       3
       0	    1000	       0	         0	    5000	    1000	       3
       0	    1000	       0	         0	    5000	    1000	       3
       0	    1000	       0	         0	    5000	    1000	       3
       0	    1000	       0	         0	    5000	    1000	       3
       0	    1000	       0	         0	    5000	    1000	       3
       0	    1000	       0	         0	    5000	    1000	       3
       0	    1000	       0	         0	    5000	    1000	       3
       0	    1000	       0	         0	    5000	    1000	       3
       0	    1000	       0	         0	    5000	    1000	       3
       0	    1000	       0	         0	    5000	    1000	       3
       0	    1000	       0	         0	    5000	    1000	       3
       0	    1000	       0	         0	    5000	    1000	       3
       0	    1000	       0	         0	    5000	    1000	       3
       0	    1000	       0	         0	    5000	    1000	       3
       0	    1000	       0	         0	    5000	    1000	       3
       0	    1000	       0	         0	    5000	    1000	       3
       0	    1000	       0	         0	    5000	    1000	       3
       0	    1000	       0	         0	    5000	    1000	       3
       0	    1000	       0	         0	    5000	    1000	       3
       0	    1000	       0	         0	    5000	    1000	       3
       0	    1000	       0	         0	    5000	    1000	       3
       0	    1000	       0	         0	    5000	    1000	       3
       0	    1000	       0	         0	    5000	    1000	       3
       0	    1000	       0	         0	    5000	    1000	       3
       0	    1000	       0	         0	    5000	    1000	       3
       0	    1000	       0	         0	    5000	    1000	       3
       0	    1000	       0	         0	    5000	    1000	       3
       0	    1000	       0	         0	    5000	    1000	       3
       0	    1000	       0	         0	    5000	    1000	       3
       0	    1000	       0	         0	    5000	    1000	       3
       0	    1000	       0	         0	    5000	    1000	       3
       0	    1000	       0	         0	    5000	    1000	       3
       0	    1000	       0	         0	    5000	    1000	       3
       0	    1000	       0	         0	    5000	    1000	       3
       0	    1000	       0	         0	    5000	    1000	       3
