       0	    1000	       0	         0	    1000	    1000	       0
       0	    1000	       0	         0	    1000	    1000	       0
       0	    1000	       0	         0	    1000	    1000	       0
       0	    1000	       0	         0	    1000	    1000	       0
       0	    1000	       0	         0	    1000	    1000	       0
       0	    1000	       0	         0	    1000	    1000	       0
       0	    1000	       0	         0	    1000	    1000	       0
       0	    1000	       0	         0	    1000	    1000	       0
       0	    1000	       0	         0	    1000	    1000	       0
       0	    1000	       0	         0	    1000	    1000	       0
       0	    1000	       0	         0	    1000	    1000	       0
       0	    1000	       0	         0	    1000	    1000	       0
       0	    1000	       0	         0	    1000	    1000	       0
       0	    1000	       0	         0	    1000	    1000	       0
       0	    1000	       0	         0	    1000	    1000	       0
       0	    1000	       0	         0	    1000	    1000	       0
       0	    1000	       0	         0	    1000	    1000	       0
       0	    1000	       0	         0	    1000	    1000	       0
       0	    1000	       0	         0	    1000	    1000	       0
       0	    1000	       0	         0	    1000	    1000	       0
       0	    1000	       0	         0	    1000	    1000	       0
       0	    1000	       0	         0	    1000	    1000	       0
       0	    1000	       0	         0	    1000	    1000	       0
       0	    1000	       0	         0	    1000	    1000	       0
       0	    1000	       0	         0	    1000	    1000	       0
       0	    1000	       0	         0	    1000	    1000	       0
       0	    1000	       0	         0	    1000	    1000	       0
       0	    1000	       0	         0	    1000	    1000	       0
       0	    1000	       0	         0	    1000	    1000	       0
       0	    1000	       0	         0	    1000	    1000	       0
       0	    1000	       0	         0	    1000	    1000	       0
       0	    1000	       0	         0	    1000	    1000	       0
       0	    1000	       0	         0	    1000	    1000	       0
       0	    1000	       0	         0	    1000	    1000	       0
       0	    1000	       0	         0	    1000	    1000	       0
       0	    1000	       0	         0	    1000	    1000	       0
       0	    1000	       0	         0	    1000	    1000	       0
       0	    1000	       0	         0	    1000	    1000	       0
       0	    1000	       0	         0	    1000	    1000	       0
       0	    1000	       0	         0	    1000	    1000	       0
       0	    1000	       0	         0	    1000	    1000	       0
       0	    1000	       0	         0	    1000	    1000	       0
       0	    1000	       0	         0	    1000	    1000	       0
       0	    1000	       0	         0	    1000	    1000	       0
       0	    1000	       0	         0	    1000	    1000	       0
       0	    1000	       0	         0	    1000	    1000	       0
       0	    1000	       0	         0	    1000	    1000	       0
       0	    1000	       0	         0	    1000	    1000	       0
       0	    1000	       0	         0	    1000	    1000	       0
       0	    1000	       0	         0	    1000	    1000	       0
       0	    1000	       0	         0	    1000	    1000	       0
       0	    1000	       0	         0	    1000	    1000	       0
       0	    1000	       0	         0	    1000	    1000	       0
       0	    1000	       0	         0	    1000	    1000	       0
       0	    1000	       0	         0	    1000	    1000	       0
       0	    1000	       0	         0	    1000	    1000	       0
       0	    1000	       0	         0	    1000	    1000	       0
       0	    1000	       0	         0	    1000	    1000	       0
       0	    1000	       0	         0	    1000	    1000	       0
       0	    1000	       0	         0	    1000	    1000	       0
       0	    1000	       0	         0	    1000	    1000	       0
       0	    1000	       0	         0	    1000	    1000	       0
       0	    1000	       0	         0	    1000	    1000	       0
       0	    1000	       0	         0	    1000	    1000	       0
       0	    1000	       0	         0	    1000	    1000	       0
       0	    1000	       0	         0	    1000	    1000	       0
       0	    1000	       0	         0	    1000	    1000	       0
       0	    1000	       0	         0	    1000	    1000	       0
       0	    1000	       0	         0	    1000	    1000	       0
       0	    1000	       0	         0	    1000	    1000	       0
       0	    1000	       0	         0	    1000	    1000	       0
       0	    1000	       0	         0	    1000	    1000	       0
       0	    1000	       0	         0	    1000	    1000	       0
       0	    1000	       0	         0	    1000	    1000	       0
       0	    1000	       0	         0	    1000	    1000	       0
       0	    1000	       0	         0	    1000	    1000	       0
       0	    1000	       0	         0	    1000	    1000	       0
       0	    1000	       0	         0	    1000	    1000	       0
       0	    1000	       0	         0	    1000	    1000	       0
       0	    1000	       0	         0	    1000	    1000	       0
       0	    1000	       0	         0	    1000	    1000	       0
       0	    1000	       0	         0	    1000	    1000	       0
       0	    1000	       0	         0	    1000	    1000	       0
       0	    1000	       0	         0	    1000	    1000	       0
       0	    1000	       0	         0	    1000	    1000	       0
       0	    1000	       0	         0	    1000	    1000	       0
       0	    1000	       0	         0	    1000	    1000	       0
       0	    1000	       0	         0	    1000	    1000	       0
       0	    1000	       0	         0	    1000	    1000	       0
       0	    1000	       0	         0	    1000	    1000	       0
       0	    1000	       0	         0	    1000	    1000	       0
       0	    1000	       0	         0	    1000	    1000	       0
       0	    1000	       0	         0	    1000	    1000	       0
       0	    1000	       0	         0	    1000	    1000	       0
       0	    1000	       0	         0	    1000	    1000	       0
       0	    1000	       0	         0	    1000	    1000	       0
       0	    1000	       0	         0	    1000	    1000	       0
       0	    1000	       0	         0	    1000	    1000	       0
       0	    1000	       0	         0	    1000	    1000	       0
       0	    1000	       0	         0	    1000	    1000	       0
       0	    1000	       0	         0	    1000	    1000	       0
       0	    1000	       0	         0	    1000	    1000	       0
       0	    1000	       0	         0	    1000	    1000	       0
       0	    1000	       0	         0	    1000	    1000	       0
       0	    1000	       0	         0	    1000	    1000	       0
       0	    1000	       0	         0	    1000	    1000	       0
       0	    1000	       0	         0	    1000	    1000	       0
       0	    1000	       0	         0	    1000	    1000	       0
       0	    1000	       0	         0	    1000	    1000	       0
       0	    1000	       0	         0	    1000	    1000	       0
       0	    1000	       0	         0	    1000	    1000	       0
       0	    1000	       0	         0	    1000	    1000	       0
       0	    1000	       0	         0	    1000	    1000	       0
       0	    1000	       0	         0	    1000	    1000	       0
       0	    1000	       0	         0	    1000	    1000	       0
       0	    1000	       0	         0	    1000	    1000	       0
       0	    1000	       0	         0	    1000	    1000	       0
       0	    1000	       0	         0	    1000	    1000	       0
       0	    1000	       0	         0	    1000	    1000	       0
       0	    1000	       0	         0	    1000	    1000	       0
       0	    1000	       0	         0	    1000	    1000	       0
       0	    1000	       0	         0	    1000	    1000	       0
       0	    1000	       0	         0	    1000	    1000	       0
       0	    1000	       0	         0	    1000	    1000	       0
       0	    1000	       0	         0	    1000	    1000	       0
       0	    1000	       0	         0	    1000	    1000	       0
       0	    1000	       0	         0	    1000	    1000	       0
       0	    1000	       0	         0	    1000	    1000	       0
       0	    1000	       0	         0	    1000	    1000	       0
       0	    1000	       0	         0	    1000	    1000	       0
       0	    1000	       0	         0	    1000	    1000	       0
       0	    1000	       0	         0	    1000	    1000	       0
       0	    1000	       0	         0	    1000	    1000	       0
       0	    1000	       0	         0	    1000	    1000	       0
       0	    1000	       0	         0	    1000	    1000	       0
       0	    1000	       0	         0	    1000	    1000	       0
       0	    1000	       0	         0	    1000	    1000	       0
       0	    1000	       0	         0	    1000	    1000	       0
       0	    1000	       0	         0	    1000	    1000	       0
       0	    1000	       0	         0	    1000	    1000	       0
       0	    1000	       0	         0	    1000	    1000	       1
       0	    1000	       0	         0	    1000	    1000	       1
       0	    1000	       0	         0	    1000	    1000	       1
       0	    1000	       0	         0	    1000	    1000	       1
       0	    1000	       0	         0	    1000	    1000	       1
       0	    1000	       0	         0	    1000	    1000	       1
       0	    1000	       0	         0	    1000	    1000	       1
       0	    1000	       0	         0	    1000	    1000	       1
       0	    1000	       0	         0	    1000	    1000	       1
       0	    1000	       0	         0	    1000	    1000	       1
       0	    1000	       0	         0	    1000	    1000	       1
       0	    1000	       0	         0	    1000	    1000	       1
       0	    1000	       0	         0	    1000	    1000	       1
       0	    1000	       0	         0	    1000	    1000	       1
       0	    1000	       0	         0	    1000	    1000	       1
       0	    1000	       0	         0	    1000	    1000	       1
       0	    1000	       0	         0	    1000	    1000	       1
       0	    1000	       0	         0	    1000	    1000	       1
       0	    1000	       0	         0	    1000	    1000	       1
       0	    1000	       0	         0	    1000	    1000	       1
       0	    1000	       0	         0	    1326	    1000	       1
       0	    1000	       0	         0	    1326	    1000	       1
       0	    1000	       0	         0	    1326	    1000	       1
       0	    1000	       0	         0	    1326	    1000	       1
       0	    1000	       0	         0	    1326	    1000	       1
       0	    1000	       0	         0	    1326	    1000	       1
       0	    1000	       0	         0	    1326	    1000	       1
       0	    1000	       0	         0	    1326	    1000	       1
       0	    1000	       0	         0	    1326	    1000	       1
       0	    1000	       0	         0	    1326	    1000	       1
       0	    1000	       0	         0	    1326	    1000	       1
       0	    1000	       0	         0	    1326	    1000	       1
       0	    1000	       0	         0	    1326	    1000	       1
       0	    1000	       0	         0	    1326	    1000	       1
       0	    1000	       0	         0	    1326	    1000	       1
       0	    1000	       0	         0	    1326	    1000	       1
       0	    1000	       0	         0	    1326	    1000	       1
       0	    1000	       0	         0	    1326	    1000	       1
       0	    1000	       0	         0	    1326	    1000	       1
       0	    1000	       0	         0	    1326	    1000	       1
       0	    1000	       0	         0	    1326	    1000	       1
       0	    1000	       0	         0	    1326	    1000	       1
       0	    1000	       0	         0	    1326	    1000	       1
       0	    1000	       0	         0	    1326	    1000	       1
       0	    1000	       0	         0	    1326	    1000	       1
       0	    1000	       0	         0	    1326	    1000	       1
       0	    1000	       0	         0	    1326	    1000	       1
       0	    1000	       0	         0	    1326	    1000	       1
       0	    1000	       0	         0	    1326	    1000	       1
       0	    1000	       0	         0	    1326	    1000	       1
       0	    1000	       0	         0	    1326	    1000	       1
       0	    1000	       0	         0	    1326	    1000	       1
       0	    1000	       0	         0	    1326	    1000	       1
       0	    1000	       0	         0	    1326	    1000	       1
       0	    1000	       0	         0	    1326	    1000	       1
       0	    1000	       0	         0	    1326	    1000	       1
       0	    1000	       0	         0	    1326	    1000	       1
       0	    1000	       0	         0	    1326	    1000	       1
       0	    1000	       0	         0	    1326	    1000	       1
       0	    1000	       0	         0	    1326	    1000	       1
       0	    1000	       0	         0	    1326	    1000	       1
       0	    1000	       0	         0	    1326	    1000	       1
       0	    1000	       0	         0	    1326	    1000	       1
       0	    1000	       0	         0	    1326	    1000	       1
       0	    1000	       0	         0	    1326	    1000	       1
       0	    1000	       0	         0	    1326	    1000	       1
       0	    1000	       0	         0	    1326	    1000	       1
       0	    1000	       0	         0	    1326	    1000	       1
       0	    1000	       0	         0	    1326	    1000	       1
       0	    1000	       0	         0	    1326	    1000	       1
       0	    1000	       0	         0	    1326	    1000	       1
       0	    1000	       0	         0	    1326	    1000	       1
       0	    1000	       0	         0	    1326	    1000	       1
       0	    1000	       0	         0	    1326	    1000	       1
       0	    1000	       0	         0	    1326	    1000	       1
       0	    1000	       0	         0	    1326	    1000	       1
       0	    1000	       0	         0	    1326	    1000	       1
       0	    1000	       0	         0	    1326	    1000	       1
       0	    1000	       0	         0	    1326	    1000	       1
       0	    1000	       0	         0	    1326	    1000	       1
       0	    1000	       0	         0	    1326	    1000	       1
       0	    1000	       0	         0	    1326	    1000	       1
       0	    1000	       0	         0	    1326	    1000	       1
       0	    1000	       0	         0	    1326	    1000	       1
       0	    1000	       0	         0	    1326	    1000	       1
       0	    1000	       0	         0	    1326	    1000	       1
       0	    1000	       0	         0	    1326	    1000	       1
       0	    1000	       0	         0	    1326	    1000	       1
       0	    1000	       0	         0	    1326	    1000	       1
       0	    1000	       0	         0	    1326	    1000	       1
       0	    1000	       0	         0	    1326	    1000	       1
       0	    1000	       0	         0	    1326	    1000	       1
       0	    1000	       0	         0	    1326	    1000	       1
       0	    1000	       0	         0	    1326	    1000	       1
       0	    1000	       0	         0	    1326	    1000	       1
       0	    1000	       0	         0	    1326	    1000	       2
       0	    1000	       0	         0	    1326	    1000	       2
       0	    1000	       0	         0	    1326	    1000	       2
       0	    1000	       0	         0	    1326	    1000	       2
       0	    1000	       0	         0	    1326	    1000	       2
       0	    1000	       0	         0	    2326	    1000	       2
       0	    1000	       0	         0	    2326	    1000	       2
       0	    1000	       0	         0	    2326	    1000	       2
       0	    1000	       0	         0	    2326	    1000	       2
       0	    1000	       0	         0	    2326	    1000	       2
       0	    1000	       0	         0	    2326	    1000	       2
       0	    1000	       0	         0	    2326	    1000	       2
       0	    1000	       0	         0	    2326	    1000	       2
       0	    1000	       0	         0	    2326	    1000	       2
       0	    1000	       0	         0	    2326	    1000	       2
       0	    1000	       0	         0	    2326	    1000	       2
       0	    1000	       0	         0	    2326	    1000	       2
       0	    1000	       0	         0	    2326	    1000	       2
       0	    1000	       0	         0	    2326	    1000	       2
       0	    1000	       0	         0	    2326	    1000	       2
       0	    1000	       0	         0	    2326	    1000	       2
       0	    1000	       0	         0	    2326	    1000	       2
       0	    1000	       0	         0	    2326	    1000	       2
       0	    1000	       0	         0	    2326	    1000	       2
       0	    1000	       0	         0	    2326	    1000	       2
       0	    1000	       0	         0	    4826	    1000	       2
       0	    1000	       0	         0	    4826	    1000	       2
       0	    1000	       0	         0	    4826	    1000	       2
       0	    1000	       0	         0	    4826	    1000	       2
       0	    1000	       0	         0	    4826	    1000	       2
       0	    1000	       0	         0	    4826	    1000	       2
       0	    1000	       0	         0	    4826	    1000	       2
       0	    1000	       0	         0	    4826	    1000	       2
       0	    1000	       0	         0	    4826	    1000	       2
       0	    1000	       0	         0	    4826	    1000	       2
       0	    1000	       0	         0	    4826	    1000	       2
       0	    1000	       0	         0	    4826	    1000	       2
       0	    1000	       0	         0	    4826	    1000	       2
       0	    1000	       0	         0	    4826	    1000	       2
       0	    1000	       0	         0	    4826	    1000	       2
       0	    1000	       0	         0	    4826	    1000	       2
       0	    1000	       0	         0	    4826	    1000	       2
       0	    1000	       0	         0	    4826	    1000	       2
       0	    1000	       0	         0	    4826	    1000	       2
       0	    1000	       0	         0	    4826	    1000	       2
       0	    1000	       0	         0	    4826	    1000	       2
       0	    1000	       0	         0	    4826	    1000	       2
       0	    1000	       0	         0	    4826	    1000	       2
       0	    1000	       0	         0	    4826	    1000	       2
       0	    1000	       0	         0	    4826	    1000	       2
       0	    1000	       0	         0	    4826	    1000	       2
       0	    1000	       0	         0	    4826	    1000	       2
       0	    1000	       0	         0	    4826	    1000	       2
       0	    1000	       0	         0	    4826	    1000	       2
       0	    1000	       0	         0	    4826	    1000	       2
       0	    1000	       0	         0	    4826	    1000	       2
       0	    1000	       0	         0	    4826	    1000	       2
       0	    1000	       0	         0	    4826	    1000	       2
       0	    1000	       0	         0	    4826	    1000	       2
       0	    1000	       0	         0	    4826	    1000	       2
       0	    1000	       0	         0	    4826	    1000	       2
       0	    1000	       0	         0	    4826	    1000	       2
       0	    1000	       0	         0	    4826	    1000	       2
       0	    1000	       0	         0	    4826	    1000	       2
       0	    1000	       0	         0	    4826	    1000	       2
       0	    1000	       0	         0	    4826	    1000	       2
       0	    1000	       0	         0	    4826	    1000	       2
       0	    1000	       0	         0	    4826	    1000	       2
       0	    1000	       0	         0	    4826	    1000	       2
       0	    1000	       0	         0	    4826	    1000	       2
       0	    1000	       0	         0	    4826	    1000	       2
       0	    1000	       0	         0	    4826	    1000	       2
       0	    1000	       0	         0	    4826	    1000	       2
       0	    1000	       0	         0	    4826	    1000	       2
       0	    1000	       0	         0	    4826	    1000	       2
       0	    1000	       0	         0	    4826	    1000	       2
       0	    1000	       0	         0	    4826	    1000	       2
       0	    1000	       0	         0	    4826	    1000	       2
       0	    1000	       0	         0	    4826	    1000	       2
       0	    1000	       0	         0	    4826	    1000	       2
       0	    1000	       0	         0	    4826	    1000	       2
       0	    1000	       0	         0	    4826	    1000	       2
       0	    1000	       0	         0	    4826	    1000	       2
       0	    1000	       0	         0	    4826	    1000	       2
       0	    1000	       0	         0	    4826	    1000	       2
       0	    1000	       0	         0	    5000	    1000	       2
       0	    1000	       0	         0	    5000	    1000	       2
       0	    1000	       0	         0	    5000	    1000	       2
       0	    1000	       0	         0	    5000	    1000	       2
       0	    1000	       0	         0	    5000	    1000	       2
       0	    1000	       0	         0	    5000	    1000	       2
       0	    1000	       0	         0	    5000	    1000	       2
       0	    1000	       0	         0	    5000	    1000	       2
       0	    1000	       0	         0	    5000	    1000	       2
       0	    1000	       0	         0	    5000	    1000	       2
       0	    1000	       0	         0	    5000	    1000	       2
       0	    1000	       0	         0	    5000	    1000	       2
       0	    1000	       0	         0	    5000	    1000	       2
       0	    1000	       0	         0	    5000	    1000	       2
       0	    1000	       0	         0	    5000	    1000	       2
       0	    1000	       0	         0	    5000	    1000	       2
       0	    1000	       0	         0	    5000	    1000	       2
       0	    1000	       0	         0	    5000	    1000	       2
       0	    1000	       0	         0	    5000	    1000	       2
       0	    1000	       0	         0	    5000	    1000	       2
       0	    1000	       0	         0	    5000	    1000	       2
       0	    1000	       0	         0	    5000	    1000	       2
       0	    1000	       0	         0	    5000	    1000	       2
       0	    1000	       0	         0	    5000	    1000	       2
       0	    1000	       0	         0	    5000	    1000	       2
       0	    1000	       0	         0	    5000	    1000	       2
       0	    1000	       0	         0	    5000	    1000	       2
       0	    1000	       0	         0	    5000	    1000	       2
       0	    1000	       0	         0	    5000	    1000	       2
       0	    1000	       0	         0	    5000	    1000	       2
       0	    1000	       0	         0	    5000	    1000	       2
       0	    1000	       0	         0	    5000	    1000	       2
       0	    1000	       0	         0	    5000	    1000	       2
       0	    1000	       0	         0	    5000	    1000	       2
       0	    1000	       0	         0	    5000	    1000	       2
       0	    1000	       0	         0	    5000	    1000	       2
       0	    1000	       0	         0	    5000	    1000	       2
       0	    1000	       0	         0	    5000	    1000	       2
       0	    1000	       0	         0	    5000	    1000	       2
       0	    1000	       0	         0	    5000	    1000	       2
       0	    1000	       0	         0	    5000	    1000	       2
       0	    1000	       0	         0	    5000	    1000	       2
       0	    1000	       0	         0	    5000	    1000	       2
       0	    1000	       0	         0	    5000	    1000	       2
       0	    1000	       0	         0	    5000	    1000	       2
       0	    1000	       0	         0	    5000	    1000	       2
       0	    1000	       0	         0	    5000	    1000	       2
       0	    1000	       0	         0	    5000	    1000	       2
       0	    1000	       0	         0	    5000	    1000	       2
       0	    1000	       0	         0	    5000	    1000	       2
       0	    1000	       0	         0	    5000	    1000	       2
       0	    1000	       0	         0	    5000	    1000	       2
       0	    1000	       0	         0	    5000	    1000	       2
       0	    1000	       0	         0	    5000	    1000	       2
       0	    1000	       0	         0	    5000	    1000	       2
       0	    1000	       0	         0	    5000	    1000	       2
       0	    1000	       0	         0	    5000	    1000	       2
       0	    1000	       0	         0	    5000	    1000	       2
       0	    1000	       0	         0	    5000	    1000	       2
       0	    1000	       0	         0	    5000	    1000	       2
       0	    1000	       0	         0	    5000	    1000	       2
       0	    1000	       0	         0	    5000	    1000	       2
       0	    1000	       0	         0	    5000	    1000	       2
       0	    1000	       0	         0	    5000	    1000	       2
       0	    1000	       0	         0	    5000	    1000	       2
       0	    1000	       0	         0	    5000	    1000	       2
       0	    1000	       0	         0	    5000	    1000	       2
       0	    1000	       0	         0	    5000	    1000	       2
       0	    1000	       0	         0	    5000	    1000	       2
       0	    1000	       0	         0	    5000	    1000	       2
       0	    1000	       0	         0	    5000	    1000	       2
       0	    1000	       0	         0	    5000	    1000	       2
       0	    1000	       0	         0	    5000	    1000	       2
       0	    1000	       0	         0	    5000	    1000	       2
       0	    1000	       0	         0	    5000	    1000	       2
       0	    1000	       0	         0	    5000	    1000	       2
       0	    1000	       0	         0	    5000	    1000	       2
       0	    1000	       0	         0	    5000	    1000	       2
       0	    1000	       0	         0	    5000	    1000	       2
       0	    1000	       0	         0	    5000	    1000	       2
       0	    1000	       0	         0	    5000	    1000	       2
       0	    1000	       0	         0	    5000	    1000	       2
       0	    1000	       0	         0	    5000	    1000	       2
       0	    1000	       0	         0	    5000	    1000	       2
       0	    1000	       0	         0	    5000	    1000	       2
       0	    1000	       0	         0	    5000	    1000	       2
       0	    1000	       0	         0	    5000	    1000	       2
       0	    1000	       0	         0	    5000	    1000	       2
       0	    1000	       0	         0	    5000	    1000	       2
       0	    1000	       0	         0	    5000	    1000	       2
       0	    1000	       0	         0	    5000	    1000	       2
       0	    1000	       0	         0	    5000	    1000	       2
       0	    1000	       0	         0	    5000	    1000	       2
       0	    1000	       0	         0	    5000	    1000	       2
       0	    1000	       0	         0	    5000	    1000	       2
       0	    1000	       0	         0	    5000	    1000	       2
       0	    1000	       0	         0	    5000	    1000	       2
       0	    1000	       0	         0	    5000	    1000	       2
       0	    1000	       0	         0	    5000	    1000	       2
       0	    1000	       0	         0	    5000	    1000	       2
       0	    1000	       0	         0	    5000	    1000	       2
       0	    1000	       0	         0	    5000	    1000	       2
       0	    1000	       0	         0	    5000	    1000	       2
       0	    1000	       0	         0	    5000	    1000	       2
       0	    1000	       0	         0	    5000	    1000	       2
       0	    1000	       0	         0	    5000	    1000	       2
       0	    1000	       0	         0	    5000	    1000	       2
       0	    1000	       0	         0	    5000	    1000	       2
       0	    1000	       0	         0	    5000	    1000	       2
       0	    1000	       0	         0	    5000	    1000	       2
       0	    1000	       0	         0	    5000	    1000	       2
       0	    1000	       0	         0	    5000	    1000	       2
       0	    1000	   10089	    504450	    5000	    1000	       3
   10000	     727	    3773	    188650	    5000	    1000	       3
    3937	     916	    1305	     65250	    5000	    1000	       3
    1242	     520	     666	     33300	    5000	    1000	       3
     692	     424	    3146	    157300	    5000	    1000	       3
    3823	     306	    5129	    256450	    5000	    1000	       3
    5000	     790	    4664	    233200	    5000	    1000	       3
    4263	     882	    6188	    309400	    5000	    1000	       3
    5000	     735	    2188	    109400	    5000	    1000	       3
    3173	     903	     785	     39250	    5000	    1000	       3
    5796	     389	    7382	    369100	    5000	    1000	       3
    3161	     888	     894	     44700	    5000	    1000	       3
     756	     555	    1431	     71550	    5000	    1000	       3
    5000	     321	    7271	    363550	    5000	    1000	       3
    3324	     903	     759	     37950	    5000	    1000	       3
     771	     484	    5751	    287550	    5000	    1000	       3
    5000	     351	    6201	    310050	    5000	    1000	       3
    7993	     765	    1711	     85550	    5000	    1000	       3
     901	     605	     659	     32950	    5000	    1000	       3
    5000	     360	    6954	    347700	    5000	    1000	       3
    2957	     910	    1021	     51050	    5000	    1000	       3
     815	     582	    1289	     64450	    5000	    1000	       3
    5000	     351	    7070	    353500	    5000	    1000	       3
    3001	     898	     840	     42000	    5000	    1000	       3
     790	     581	    6540	    327000	    5000	    1000	       3
    5000	     338	    2138	    106900	    5000	    1000	       3
    4553	     842	    1535	     76750	    5000	    1000	       3
    5000	     343	    7668	    383550	    5000	    1000	       3
    3439	     952	     945	     47250	    5000	    1000	       3
     787	     685	    6654	    778650	    5000	    1000	       3
    5000	     334	    1768	    348000	    4958	    1000	       3
    4014	     864	     739	    147800	    4958	    1000	       3
    5000	     168	    8435	   1687000	    4958	    1000	       3
    3955	    1277	    2777	    555400	    4958	    1000	       3
    2702	     914	     918	    183600	    4958	    1000	       3
    4143	     354	    6083	   1216600	    4958	    1000	       3
    2963	     980	    1093	    218600	    4958	    1000	       3
    1971	     416	    2716	    543200	    4958	    1000	       3
    5000	     425	    6402	   1280400	    4958	    1000	       3
    3091	     921	    1133	    226600	    5000	    1000	       3
     864	     592	    6581	   1316200	    5000	    1000	       3
    5000	     351	    1729	    345800	    5000	    1000	       3
    3906	     849	     721	    144200	    5000	    1000	       3
    5000	     384	    7762	   1552400	    5000	    1000	       3
    3273	     939	     984	    196800	    5000	    1000	       3
     794	     672	    4541	    908200	    5000	    1000	       3
    5000	     387	    4680	    936000	    4780	    1000	       3
    3950	     947	     859	    171800	    4780	    1000	       3
    5929	     392	    8270	   1654000	    4780	    1000	       3
    3781	     935	    1104	    220800	    4780	    1000	       3
    1226	     481	    3461	    692200	    4780	    1000	       3
    5000	     420	    5218	   1043600	    4780	    1000	       3
    3164	     910	     961	    192200	    4780	    1000	       3
    2294	     363	    8731	   1746200	    4780	    1000	       3
    8415	     648	    1270	    254000	    4902	    1000	       3
     773	     419	     803	    160600	    4902	    1000	       3
    5000	     354	    7728	   1545600	    4902	    1000	       3
    3160	     932	    1073	    214600	    4902	    1000	       3
    5000	     403	    7024	   1404800	    4902	    1000	       3
    3112	     957	     961	    192200	    4902	    1000	       3
     975	     641	     763	    152600	    4902	    1000	       3
    5000	     455	    8713	   8663400	    4902	    1000	       3
    4431	    1029	    2249	   2249000	    4902	    1000	       3
    2215	     807	     812	    812000	    4902	    1000	       3
    1792	     315	    6962	   6962000	    4902	    1000	       3
    5000	     471	    3624	   3624000	    5000	    1000	       3
    4285	     799	    2932	   2932000	    5000	    1000	       3
    3077	    1641	    1491	   1491000	    5000	    1000	       3
    5000	     515	    8181	   8181000	    5000	    1000	       3
    4673	    1041	    2124	   2124000	    5000	    1000	       3
    2325	     780	     915	    915000	    5000	    1000	       3
    4307	     455	    7802	   7802000	    5000	    1000	       3
    4194	     337	    2226	   2226000	    5000	    1000	       3
    2159	    2935	    2372	   2372000	    5000	    1000	       3
    5000	     608	    5356	   5356000	    5000	    1000	       3
    2718	    1056	      99	     99000	    5000	    1000	       3
     101	     525	     100	    100000	    5000	    1000	       3
     101	     527	     100	    100000	    5000	    1000	       3
     100	     517	     101	    101000	    5000	    1000	       3
     100	     519	     100	    100000	    5000	    1000	       3
     100	     520	     100	    100000	    5000	    1000	       3
     100	     520	     100	    100000	    5000	    1000	       3
     100	     509	      99	     99000	    5000	    1000	       3
     100	     515	     101	    101000	    5000	    1000	       3
     100	     524	     100	    100000	    5000	    1000	       3
     100	     519	     100	    100000	    5000	    1000	       3
     101	     522	     100	    100000	    5000	    1000	       3
     100	     511	     100	    100000	    5000	    1000	       3
     100	     518	     100	    100000	    5000	    1000	       3
     100	     519	     100	    100000	    5000	    1000	       3
     100	     519	     100	    100000	    5000	    1000	       3
     100	     519	     100	     81950	    5000	    1000	       3
     100	     517	     100	      5000	    5000	    1000	       3
     100	     513	     100	      5000	    5000	    1000	       3
     100	     514	     100	      5000	    5000	    1000	       3
     100	     519	     100	      5000	    5000	    1000	       3
     101	     516	     100	      5000	    5000	    1000	       3
     100	     512	     100	      5000	    5000	    1000	       3
     100	     513	     100	      5000	    5000	    1000	       3
     100	     514	     100	      5000	    5000	    1000	       3
     100	     517	     100	      5000	    5000	    1000	       3
     100	     517	     100	      5000	    5000	    1000	       3
     100	     510	     100	      5000	    5000	    1000	       3
     100	     517	     100	      5000	    5000	    1000	       3
     100	     518	     100	      5000	    5000	    1000	       3
     101	     516	     100	      5000	    5000	    1000	       3
     100	     510	     100	      5000	    5000	    1000	       3
     100	     512	     100	      5000	    5000	    1000	       3
     100	     532	     100	      5000	    5000	    1000	       3
     100	     515	     100	      5000	    5000	    1000	       3
     100	     525	     100	      5000	    5000	    1000	       3
     100	     518	     100	      5000	    5000	    1000	       3
     100	     519	     100	      5000	    5000	    1000	       3
     100	     520	     100	      5000	    5000	    1000	       3
     100	     521	      99	      4950	    5000	    1000	       3
     101	     516	     101	      5050	    5000	    1000	       3
     100	     514	     100	      5000	    5000	    1000	       3
     100	     524	     100	      5000	    5000	    1000	       3
     100	     517	     100	      5000	    5000	    1000	       3
     100	     518	     100	      5000	    5000	    1000	       3
     101	     515	     100	      5000	    5000	    1000	       3
      99	     516	     100	      5000	    5000	    1000	       3
     101	     517	     100	      7850	    5000	    1000	       3
     100	     514	     100	     20000	    5000	    1000	       3
     100	     515	     100	     20000	    5000	    1000	       3
     100	     514	     100	     20000	    5000	    1000	       3
     100	     518	     100	     20000	    5000	    1000	       3
     100	     520	     100	     20000	    5000	    1000	       3
     100	     521	     100	     20000	    5000	    1000	       3
     101	     516	     100	     20000	    5000	    1000	       3
     100	     512	     101	     20200	    5000	    1000	       3
     100	     513	      99	     19800	    5000	    1000	       3
     100	     514	     100	     20000	    5000	    1000	       3
     100	     515	     100	     20000	    5000	    1000	       3
     100	     517	      99	     19800	    5000	    1000	       3
     100	     518	     101	     20200	    5000	    1000	       3
     100	     519	     100	     20000	    5000	    1000	       3
     100	     522	     100	     20000	    5000	    1000	       3
     101	     519	      99	     19800	    5000	    1000	       3
     100	     515	     101	     20200	    5000	    1000	       3
     100	     515	     100	     20000	    5000	    1000	       3
     100	     517	     100	     20000	    5000	    1000	       3
     100	     519	     100	     20000	    5000	    1000	       3
     100	     519	      99	     19800	    5000	    1000	       3
     100	     521	     101	     20200	    5000	    1000	       3
     100	     521	     100	     20000	    5000	    1000	       3
     101	     517	     100	     20000	    5000	    1000	       3
     100	     512	     100	     20000	    5000	    1000	       3
     100	     514	      99	     19800	    5000	    1000	       3
     100	     514	     100	     20000	    5000	    1000	       3
     100	     514	     100	     20000	    5000	    1000	       3
     100	     516	     100	     20000	    5000	    1000	       3
     100	     517	     101	     20200	    5000	    1000	       3
     100	     518	     100	     35200	    5000	    1000	       3
     100	     519	     100	    100000	    5000	    1000	       3
     100	     525	     100	    100000	    5000	    1000	       3
     101	     520	     100	    100000	    5000	    1000	       3
     100	     517	     100	    100000	    5000	    1000	       3
     100	     517	     100	    100000	    5000	    1000	       3
     100	     518	     100	    100000	    5000	    1000	       3
     100	     519	     100	    100000	    5000	    1000	       3
     100	     522	     100	    100000	    5000	    1000	       3
     100	     523	     100	    100000	    5000	    1000	       3
     100	     519	     100	    100000	    5000	    1000	       3
     101	     521	     100	    100000	    5000	    1000	       3
     100	     519	     100	    100000	    5000	    1000	       3
     100	     520	     100	    100000	    5000	    1000	       3
     100	     521	     100	    100000	    5000	    1000	       3
     100	     521	     100	    100000	    5000	    1000	       3
     100	     522	     100	    100000	    5000	    1000	       3
     100	     521	     260	    260000	    5000	    1000	       3
     813	     499	    1004	   1004000	    5000	    1000	       3
    1002	     588	     999	    999000	    5000	    1000	       3
    1002	     583	     996	    996000	    5000	    1000	       3
    1001	     568	    1002	   1002000	    5000	    1000	       3
    1001	     579	    1002	   1002000	    5000	    1000	       3
    1002	     570	     998	    998000	    5000	    1000	       3
    1010	     571	    1001	   1001000	    5000	    1000	       3
    1013	     597	     998	    998000	    5000	    1000	       3
    1002	     578	    1000	   1000000	    5000	    1000	       3
    1011	     582	    1002	   1002000	    5000	    1000	       3
    1001	     570	    1001	   1001000	    5000	    1000	       3
    1002	     571	     998	    998000	    5000	    1000	       3
    1002	     564	    1001	   1001000	    5000	    1000	       3
    1002	     566	     998	    818450	    5000	    1000	       3
    1005	     565	    1003	     50150	    5000	    1000	       3
    1002	     582	     968	     48400	    5000	    1000	       3
    1001	     562	    1033	     51650	    5000	    1000	       3
    1001	     615	     911	     45550	    5000	    1000	       3
    1002	     572	    1002	     50100	    5000	    1000	       3
    1013	     577	    1000	     50000	    5000	    1000	       3
    1002	     564	    1084	     54200	    5000	    1000	       3
    1002	     538	    1003	     50150	    5000	    1000	       3
    1000	     581	     922	     46100	    5000	    1000	       3
    1002	     559	     979	     48950	    5000	    1000	       3
    1002	     570	    1097	     54850	    5000	    1000	       3
    1001	     594	     923	     46150	    5000	    1000	       3
    1018	     584	    1015	     50750	    5000	    1000	       3
    1002	     570	     967	     48350	    5000	    1000	       3
    1002	     567	    1026	     51300	    5000	    1000	       3
    1002	     568	    1003	     50150	    5000	    1000	       3
    1002	     565	    1002	     50100	    5000	    1000	       3
    1002	     560	    1066	     53300	    5000	    1000	       3
    1002	     578	     957	     47850	    5000	    1000	       3
    1001	     554	     954	     47700	    5000	    1000	       3
    1002	     578	    1025	     51250	    5000	    1000	       3
    1002	     564	     993	     49650	    5000	    1000	       3
    1002	     580	    1022	     51100	    5000	    1000	       3
    1001	     559	     964	     48200	    5000	    1000	       3
    1002	     549	    1085	     54250	    5000	    1000	       3
    1001	     575	     997	     49850	    5000	    1000	       3
    1006	     562	     925	     46250	    5000	    1000	       3
    1002	     569	    1010	     50500	    5000	    1000	       3
    1012	     575	    1002	     50100	    5000	    1000	       3
    1001	     551	    1063	     53150	    5000	    1000	       3
    1001	     573	     951	     68850	    5000	    1000	       3
    1001	     565	     993	    198600	    5000	    1000	       3
    1002	     581	    1024	    204800	    5000	    1000	       3
    1002	     566	     970	    194000	    5000	    1000	       3
    1002	     560	    1063	    212600	    5000	    1000	       3
    1002	     573	     928	    185600	    5000	    1000	       3
    1002	     585	    1064	    212800	    5000	    1000	       3
    1000	     573	     983	    196600	    5000	    1000	       3
    1002	     566	     967	    193400	    5000	    1000	       3
    1002	     578	    1026	    205200	    5000	    1000	       3
    1001	     580	    1004	    200800	    5000	    1000	       3
    1002	     587	    1014	    202800	    5000	    1000	       3
    1001	     578	     989	    197800	    5000	    1000	       3
    1001	     568	     974	    194800	    5000	    1000	       3
    1001	     556	     982	    196400	    5000	    1000	       3
    1001	     579	    1029	    205800	    5000	    1000	       3
    1001	     610	    1010	    202000	    5000	    1000	       3
    1002	     557	     978	    195600	    5000	    1000	       3
    1002	     565	     987	    197400	    5000	    1000	       3
    1001	     569	    1017	    203400	    5000	    1000	       3
    1002	     565	    1037	    207400	    5000	    1000	       3
    1001	     576	     976	    195200	    5000	    1000	       3
    1001	     575	    1015	    203000	    5000	    1000	       3
    1002	     588	     994	    198800	    5000	    1000	       3
    1002	     578	     969	    193800	    5000	    1000	       3
    1002	     562	    1059	    211800	    5000	    1000	       3
    1002	     571	     998	    199600	    5000	    1000	       3
    1002	     581	     983	    196600	    5000	    1000	       3
    1002	     567	     987	    197400	    5000	    1000	       3
    1001	     572	    1021	    204200	    5000	    1000	       3
    1001	     586	    1003	    200600	    5000	    1000	       3
    1002	     553	     990	    338800	    5000	    1000	       3
    1001	     593	    1005	   1005000	    5000	    1000	       3
    1002	     583	    1002	   1002000	    5000	    1000	       3
       0	    1000	     208	    208000	    5000	    1000	       0
       0	    1000	       0	         0	    5000	    1000	       0
       0	    1000	       0	         0	    5000	    1000	       0
       0	    1000	       0	         0	    5000	    1000	       0
       0	    1000	       0	         0	    5000	    1000	       0
       0	    1000	       0	         0	    5000	    1000	       0
       0	    1000	       0	         0	    5000	    1000	       0
       0	    1000	       0	         0	    5000	    1000	       0
       0	    1000	       0	         0	    5000	    1000	       0
       0	    1000	       0	         0	    5000	    1000	       0
       0	    1000	       0	         0	    5000	    1000	       0
       0	    1000	       0	         0	    5000	    1000	       0
       0	    1000	       0	         0	    5000	    1000	       0
       0	    1000	       0	         0	    5000	    1000	       0
       0	    1000	       0	         0	    5000	    1000	       0
       0	    1000	       0	         0	    5000	    1000	       0
       0	    1000	       0	         0	    5000	    1000	       0
       0	    1000	       0	         0	    5000	    1000	       0
       0	    1000	       0	         0	    5000	    1000	       0
       0	    1000	       0	         0	    5000	    1000	       0
       0	    1000	       0	         0	    5000	    1000	       0
       0	    1000	       0	         0	    5000	    1000	       0
       0	    1000	       0	         0	    5000	    1000	       0
       0	    1000	       0	         0	    5000	    1000	       0
       0	    1000	       0	         0	    5000	    1000	       0
       0	    1000	       0	         0	    5000	    1000	       0
       0	    1000	       0	         0	    5000	    1000	       0
       0	    1000	       0	         0	    5000	    1000	       0
       0	    1000	       0	         0	    5000	    1000	       0
       0	    1000	       0	         0	    5000	    1000	       0
       0	    1000	       0	         0	    5000	    1000	       0
       0	    1000	       0	         0	    5000	    1000	       0
       0	    1000	       0	         0	    5000	    1000	       0
       0	    1000	       0	         0	    5000	    1000	       0
       0	    1000	       0	         0	    5000	    1000	       0
       0	    1000	       0	         0	    5000	    1000	       0
       0	    1000	       0	         0	    5000	    1000	       0
       0	    1000	       0	         0	    5000	    1000	       0
       0	    1000	       0	         0	    5000	    1000	       0
       0	    1000	       0	         0	    5000	    1000	       0
       0	    1000	       0	         0	    5000	    1000	       0
       0	    1000	       0	         0	    5000	    1000	       0
       0	    1000	       0	         0	    5000	    1000	       0
       0	    1000	       0	         0	    5000	    1000	       0
       0	    1000	       0	         0	    5000	    1000	       0
       0	    1000	       0	         0	    5000	    1000	       0
       0	    1000	       0	         0	    5000	    1000	       0
       0	    1000	       0	         0	    5000	    1000	       0
       0	    1000	       0	         0	    5000	    1000	       0
       0	    1000	       0	         0	    5000	    1000	       0
       0	    1000	       0	         0	    5000	    1000	       0
       0	    1000	       0	         0	    5000	    1000	       0
       0	    1000	       0	         0	    5000	    1000	       0
       0	    1000	       0	         0	    5000	    1000	       0
       0	    1000	       0	         0	    5000	    1000	       0
       0	    1000	       0	         0	    5000	    1000	       0
       0	    1000	       0	         0	    5000	    1000	       0
       0	    1000	       0	         0	    5000	    1000	       0
       0	    1000	       0	         0	    5000	    1000	       0
       0	    1000	       0	         0	    5000	    1000	       0
       0	    1000	       0	         0	    5000	    1000	       0
       0	    1000	       0	         0	    5000	    1000	       0
       0	    1000	       0	         0	    5000	    1000	       0
       0	    1000	       0	         0	    5000	    1000	       0
       0	    1000	       0	         0	    5000	    1000	       0
       0	    1000	       0	         0	    5000	    1000	       0
       0	    1000	       0	         0	    5000	    1000	       0
       0	    1000	       0	         0	    5000	    1000	       0
       0	    1000	       0	         0	    5000	    1000	       0
       0	    1000	       0	         0	    5000	    1000	       0
       0	    1000	       0	         0	    5000	    1000	       0
       0	    1000	       0	         0	    5000	    1000	       0
       0	    1000	       0	         0	    5000	    1000	       0
       0	    1000	       0	         0	    5000	    1000	       0
       0	    1000	       0	         0	    5000	    1000	       0
       0	    1000	       0	         0	    5000	    1000	       0
       0	    1000	       0	         0	    5000	    1000	       0
       0	    1000	       0	         0	    5000	    1000	       0
       0	    1000	       0	         0	    5000	    1000	       0
       0	    1000	       0	         0	    5000	    1000	       0
       0	    1000	       0	         0	    5000	    1000	       0
       0	    1000	       0	         0	    5000	    1000	       0
       0	    1000	       0	         0	    5000	    1000	       0
       0	    1000	       0	         0	    5000	    1000	       0
       0	    1000	       0	         0	    5000	    1000	       0
       0	    1000	       0	         0	    5000	    1000	       0
       0	    1000	       0	         0	    5000	    1000	       0
       0	    1000	       0	         0	    5000	    1000	       0
       0	    1000	       0	         0	    5000	    1000	       0
       0	    1000	       0	         0	    5000	    1000	       0
       0	    1000	       0	         0	    5000	    1000	       0
       0	    1000	       0	         0	    5000	    1000	       0
       0	    1000	       0	         0	    5000	    1000	       0
       0	    1000	       0	         0	    5000	    1000	       0
       0	    1000	       0	         0	    5000	    1000	       0
       0	    1000	       0	         0	    5000	    1000	       0
       0	    1000	       0	         0	    5000	    1000	       0
       0	    1000	       0	         0	    5000	    1000	       0
       0	    1000	       0	         0	    5000	    1000	       0
       0	    1000	       0	         0	    5000	    1000	       0
       0	    1000	       0	         0	    5000	    1000	       0
       0	    1000	       0	         0	    5000	    1000	       0
       0	    1000	       0	         0	    5000	    1000	       0
       0	    1000	       0	         0	    5000	    1000	       0
       0	    1000	       0	         0	    5000	    1000	       0
       0	    1000	       0	         0	    5000	    1000	       0
       0	    1000	       0	         0	    5000	    1000	       0
       0	    1000	       0	         0	    5000	    1000	       0
       0	    1000	       0	         0	    5000	    1000	       0
       0	    1000	       0	         0	    5000	    1000	       0
       0	    1000	       0	         0	    5000	    1000	       0
       0	    1000	       0	         0	    5000	    1000	       0
       0	    1000	       0	         0	    5000	    1000	       0
       0	    1000	       0	         0	    5000	    1000	       0
       0	    1000	       0	         0	    5000	    1000	       0
       0	    1000	       0	         0	    5000	    1000	       0
       0	    1000	       0	         0	    5000	    1000	       0
       0	    1000	       0	         0	    5000	    1000	       0
       0	    1000	       0	         0	    5000	    1000	       0
       0	    1000	       0	         0	     317	    1000	       0
       0	    1000	       0	         0	     317	    1000	       0
       0	    1000	       0	         0	     317	    1000	       0
       0	    1000	       0	         0	     317	    1000	       0
       0	    1000	       0	         0	     317	    1000	       0
       0	    1000	       0	         0	     317	    1000	       0
       0	    1000	       0	         0	     317	    1000	       0
       0	    1000	       0	         0	     317	    1000	       0
       0	    1000	       0	         0	     317	    1000	       0
       0	    1000	       0	         0	     317	    1000	       0
       0	    1000	       0	         0	     317	    1000	       0
       0	    1000	       0	         0	     317	    1000	       0
       0	    1000	       0	         0	     317	    1000	       0
       0	    1000	       0	         0	     317	    1000	       0
       0	    1000	       0	         0	     317	    1000	       0
       0	    1000	       0	         0	     317	    1000	       0
       0	    1000	       0	         0	     317	    1000	       0
       0	    1000	       0	         0	     317	    1000	       0
       0	    1000	       0	         0	     317	    1000	       0
       0	    1000	       0	         0	     317	    1000	       0
       0	    1000	       0	         0	     463	    1000	       0
       0	    1000	       0	         0	     463	    1000	       0
       0	    1000	       0	         0	     463	    1000	       0
       0	    1000	       0	         0	     463	    1000	       0
       0	    1000	       0	         0	     463	    1000	       0
       0	    1000	       0	         0	     463	    1000	       0
       0	    1000	       0	         0	     463	    1000	       0
       0	    1000	       0	         0	     463	    1000	       0
       0	    1000	       0	         0	     463	    1000	       0
       0	    1000	       0	         0	     463	    1000	       0
       0	    1000	       0	         0	     463	    1000	       0
       0	    1000	       0	         0	     463	    1000	       0
       0	    1000	       0	         0	     463	    1000	       0
       0	    1000	       0	         0	     463	    1000	       0
       0	    1000	       0	         0	     463	    1000	       0
       0	    1000	       0	         0	     463	    1000	       0
       0	    1000	       0	         0	     463	    1000	       0
       0	    1000	       0	         0	     463	    1000	       0
       0	    1000	       0	         0	     463	    1000	       0
       0	    1000	       0	         0	     463	    1000	       0
       0	    1000	       0	         0	     463	    1000	       0
       0	    1000	       0	         0	     463	    1000	       0
       0	    1000	       0	         0	     463	    1000	       0
       0	    1000	       0	         0	     463	    1000	       0
       0	    1000	       0	         0	     463	    1000	       0
       0	    1000	       0	         0	     463	    1000	       0
       0	    1000	       0	         0	     463	    1000	       0
       0	    1000	       0	         0	     463	    1000	       0
       0	    1000	       0	         0	     463	    1000	       0
       0	    1000	       0	         0	     463	    1000	       0
       0	    1000	       0	         0	     463	    1000	       0
       0	    1000	       0	         0	     463	    1000	       0
       0	    1000	       0	         0	     463	    1000	       0
       0	    1000	       0	         0	     463	    1000	       0
       0	    1000	       0	         0	     463	    1000	       0
       0	    1000	       0	         0	     463	    1000	       0
       0	    1000	       0	         0	     463	    1000	       0
       0	    1000	       0	         0	     463	    1000	       0
       0	    1000	       0	         0	     463	    1000	       0
       0	    1000	       0	         0	     463	    1000	       0
       0	    1000	       0	         0	     463	    1000	       0
       0	    1000	       0	         0	     463	    1000	       0
       0	    1000	       0	         0	     463	    1000	       0
       0	    1000	       0	         0	     463	    1000	       0
       0	    1000	       0	         0	     463	    1000	       0
       0	    1000	       0	         0	     463	    1000	       0
       0	    1000	       0	         0	     463	    1000	       0
       0	    1000	       0	         0	     463	    1000	       0
       0	    1000	       0	         0	     463	    1000	       0
       0	    1000	       0	         0	     463	    1000	       0
       0	    1000	       0	         0	     463	    1000	       0
       0	    1000	       0	         0	     463	    1000	       0
       0	    1000	       0	         0	     463	    1000	       0
       0	    1000	       0	         0	     463	    1000	       0
       0	    1000	       0	         0	     463	    1000	       0
       0	    1000	       0	         0	     463	    1000	       0
       0	    1000	       0	         0	     463	    1000	       0
       0	    1000	       0	         0	     463	    1000	       0
       0	    1000	       0	         0	     463	    1000	       0
       0	    1000	       0	         0	     463	    1000	       0
       0	    1000	       0	         0	     463	    1000	       0
       0	    1000	       0	         0	     463	    1000	       0
       0	    1000	       0	         0	     463	    1000	       0
       0	    1000	       0	         0	     463	    1000	       0
       0	    1000	       0	         0	     463	    1000	       0
       0	    1000	       0	         0	     463	    1000	       0
       0	    1000	       0	         0	     463	    1000	       0
       0	    1000	       0	         0	     463	    1000	       0
       0	    1000	       0	         0	     463	    1000	       0
       0	    1000	       0	         0	     463	    1000	       0
       0	    1000	       0	         0	     463	    1000	       0
       0	    1000	       0	         0	     463	    1000	       0
       0	    1000	       0	         0	     463	    1000	       0
       0	    1000	       0	         0	     463	    1000	       0
       0	    1000	       0	         0	     463	    1000	       0
       0	    1000	       0	         0	     463	    1000	       0
       0	    1000	       0	         0	     463	    1000	       0
       0	    1000	       0	         0	     463	    1000	       0
       0	    1000	       0	         0	     463	    1000	       0
       0	    1000	       0	         0	     463	    1000	       0
       0	    1000	       0	         0	     463	    1000	       0
       0	    1000	       0	         0	     463	    1000	       0
       0	    1000	       0	         0	     463	    1000	       0
       0	    1000	       0	         0	     463	    1000	       0
       0	    1000	       0	         0	     463	    1000	       0
       0	    1000	       0	         0	     463	    1000	       0
       0	    1000	       0	         0	     463	    1000	       0
       0	    1000	       0	         0	     463	    1000	       0
       0	    1000	       0	         0	     463	    1000	       0
       0	    1000	       0	         0	     463	    1000	       0
       0	    1000	       0	         0	     463	    1000	       0
       0	    1000	       0	         0	     463	    1000	       0
       0	    1000	       0	         0	     463	    1000	       0
       0	    1000	       0	         0	     463	    1000	       0
       0	    1000	       0	         0	     463	    1000	       0
       0	    1000	       0	         0	     463	    1000	       0
       0	    1000	       0	         0	     463	    1000	       0
       0	    1000	       0	         0	     463	    1000	       0
       0	    1000	       0	         0	     463	    1000	       0
       0	    1000	       0	         0	     463	    1000	       0
       0	    1000	       0	         0	    1055	    1000	       0
       0	    1000	       0	         0	    1055	    1000	       0
       0	    1000	       0	         0	    1055	    1000	       0
       0	    1000	       0	         0	    1055	    1000	       0
       0	    1000	       0	         0	    1055	    1000	       0
       0	    1000	       0	         0	    1055	    1000	       0
       0	    1000	       0	         0	    1055	    1000	       0
       0	    1000	       0	         0	    1055	    1000	       0
       0	    1000	       0	         0	    1055	    1000	       0
       0	    1000	       0	         0	    1055	    1000	       0
       0	    1000	       0	         0	    1055	    1000	       0
       0	    1000	       0	         0	    1055	    1000	       0
       0	    1000	       0	         0	    1055	    1000	       1
       0	    1000	       0	         0	    1055	    1000	       1
       0	    1000	       0	         0	    1055	    1000	       1
       0	    1000	       0	         0	    1055	    1000	       1
       0	    1000	       0	         0	    1055	    1000	       1
       0	    1000	       0	         0	    1055	    1000	       1
       0	    1000	       0	         0	    1055	    1000	       1
       0	    1000	       0	         0	    1055	    1000	       1
       0	    1000	       0	         0	    2555	    1000	       1
       0	    1000	       0	         0	    2555	    1000	       1
       0	    1000	       0	         0	    2555	    1000	       1
       0	    1000	       0	         0	    2555	    1000	       1
       0	    1000	       0	         0	    2555	    1000	       1
       0	    1000	       0	         0	    2555	    1000	       1
       0	    1000	       0	         0	    2555	    1000	       1
       0	    1000	       0	         0	    2555	    1000	       1
       0	    1000	       0	         0	    2555	    1000	       1
       0	    1000	       0	         0	    2555	    1000	       1
       0	    1000	       0	         0	    2555	    1000	       1
       0	    1000	       0	         0	    2555	    1000	       1
       0	    1000	       0	         0	    2555	    1000	       1
       0	    1000	       0	         0	    2555	    1000	       1
       0	    1000	       0	         0	    2555	    1000	       1
       0	    1000	       0	         0	    2555	    1000	       1
       0	    1000	       0	         0	    2555	    1000	       1
       0	    1000	       0	         0	    2555	    1000	       1
       0	    1000	       0	         0	    2555	    1000	       1
       0	    1000	       0	         0	    2555	    1000	       1
       0	    1000	       0	         0	    2555	    1000	       1
       0	    1000	       0	         0	    2555	    1000	       1
       0	    1000	       0	         0	    2555	    1000	       1
       0	    1000	       0	         0	    2555	    1000	       1
       0	    1000	       0	         0	    2555	    1000	       1
       0	    1000	       0	         0	    2555	    1000	       1
       0	    1000	       0	         0	    2555	    1000	       1
       0	    1000	       0	         0	    2555	    1000	       1
       0	    1000	       0	         0	    2555	    1000	       1
       0	    1000	       0	         0	    2555	    1000	       1
       0	    1000	       0	         0	    2555	    1000	       1
       0	    1000	       0	         0	    2555	    1000	       1
       0	    1000	       0	         0	    2555	    1000	       1
       0	    1000	       0	         0	    2555	    1000	       1
       0	    1000	       0	         0	    2555	    1000	       1
       0	    1000	       0	         0	    2555	    1000	       1
       0	    1000	       0	         0	    2555	    1000	       1
       0	    1000	       0	         0	    2555	    1000	       1
       0	    1000	       0	         0	    2555	    1000	       1
       0	    1000	       0	         0	    2555	    1000	       1
       0	    1000	       0	         0	    2555	    1000	       1
       0	    1000	       0	         0	    2555	    1000	       1
       0	    1000	       0	         0	    2555	    1000	       1
       0	    1000	       0	         0	    2555	    1000	       1
       0	    1000	       0	         0	    2555	    1000	       1
       0	    1000	       0	         0	    2555	    1000	       1
       0	    1000	       0	         0	    2555	    1000	       1
       0	    1000	       0	         0	    2555	    1000	       1
       0	    1000	       0	         0	    2555	    1000	       1
       0	    1000	       0	         0	    2555	    1000	       1
       0	    1000	       0	         0	    2555	    1000	       1
       0	    1000	       0	         0	    2555	    1000	       1
       0	    1000	       0	         0	    2555	    1000	       1
       0	    1000	       0	         0	    2555	    1000	       1
       0	    1000	       0	         0	    2555	    1000	       1
       0	    1000	       0	         0	    2555	    1000	       1
       0	    1000	       0	         0	    2555	    1000	       1
       0	    1000	       0	         0	    2555	    1000	       1
       0	    1000	       0	         0	    2555	    1000	       1
       0	    1000	       0	         0	    2555	    1000	       1
       0	    1000	       0	         0	    2555	    1000	       1
       0	    1000	       0	         0	    2555	    1000	       1
       0	    1000	       0	         0	    2555	    1000	       1
       0	    1000	       0	         0	    2555	    1000	       1
       0	    1000	       0	         0	    2555	    1000	       1
       0	    1000	       0	         0	    2555	    1000	       1
       0	    1000	       0	         0	    2555	    1000	       1
       0	    1000	       0	         0	    2555	    1000	       1
       0	    1000	       0	         0	    2555	    1000	       1
       0	    1000	       0	         0	    2555	    1000	       1
       0	    1000	       0	         0	    2555	    1000	       1
       0	    1000	       0	         0	    2555	    1000	       1
       0	    1000	       0	         0	    2555	    1000	       1
       0	    1000	       0	         0	    2555	    1000	       1
       0	    1000	       0	         0	    2555	    1000	       1
       0	    1000	       0	         0	    2555	    1000	       1
       0	    1000	       0	         0	    2555	    1000	       1
       0	    1000	       0	         0	    2555	    1000	       1
       0	    1000	       0	         0	    2555	    1000	       1
       0	    1000	       0	         0	    2555	    1000	       1
       0	    1000	       0	         0	    3109	    1000	       1
       0	    1000	       0	         0	    3109	    1000	       1
       0	    1000	       0	         0	    3109	    1000	       1
       0	    1000	       0	         0	    3109	    1000	       1
       0	    1000	       0	         0	    3109	    1000	       1
       0	    1000	       0	         0	    3109	    1000	       1
       0	    1000	       0	         0	    3109	    1000	       1
       0	    1000	       0	         0	    3109	    1000	       1
       0	    1000	       0	         0	    3109	    1000	       1
       0	    1000	       0	         0	    3109	    1000	       1
       0	    1000	       0	         0	    3109	    1000	       1
       0	    1000	       0	         0	    3109	    1000	       1
       0	    1000	       0	         0	    3109	    1000	       1
       0	    1000	       0	         0	    3109	    1000	       1
       0	    1000	       0	         0	    3109	    1000	       1
       0	    1000	       0	         0	    3109	    1000	       1
       0	    1000	       0	         0	    3109	    1000	       1
       0	    1000	       0	         0	    3109	    1000	       1
       0	    1000	       0	         0	    3109	    1000	       1
       0	    1000	       0	         0	    3109	    1000	       1
       0	    1000	       0	         0	    3109	    1000	       1
       0	    1000	       0	         0	    3109	    1000	       1
       0	    1000	       0	         0	    3109	    1000	       1
       0	    1000	       0	         0	    3109	    1000	       1
       0	    1000	       0	         0	    3109	    1000	       1
       0	    1000	       0	         0	    3109	    1000	       1
       0	    1000	       0	         0	    3109	    1000	       1
       0	    1000	       0	         0	    3109	    1000	       1
       0	    1000	       0	         0	    3109	    1000	       1
       0	    1000	       0	         0	    3109	    1000	       1
       0	    1000	       0	         0	    3109	    1000	       1
       0	    1000	       0	         0	    3109	    1000	       1
       0	    1000	       0	         0	    3109	    1000	       1
       0	    1000	       0	         0	    3109	    1000	       1
       0	    1000	       0	         0	    3109	    1000	       1
       0	    1000	       0	         0	    3109	    1000	       1
       0	    1000	       0	         0	    3109	    1000	       1
       0	    1000	       0	         0	    3109	    1000	       1
       0	    1000	       0	         0	    3109	    1000	       1
       0	    1000	       0	         0	    3109	    1000	       1
       0	    1000	       0	         0	    3109	    1000	       1
       0	    1000	       0	         0	    3109	    1000	       1
       0	    1000	       0	         0	    3109	    1000	       1
       0	    1000	       0	         0	    3109	    1000	       2
       0	    1000	       0	         0	    3109	    1000	       2
       0	    1000	       0	         0	    3109	    1000	       2
       0	    1000	       0	         0	    3109	    1000	       2
       0	    1000	       0	         0	    3109	    1000	       2
       0	    1000	       0	         0	    3109	    1000	       2
       0	    1000	       0	         0	    3109	    1000	       2
       0	    1000	       0	         0	    3109	    1000	       2
       0	    1000	       0	         0	    3109	    1000	       2
       0	    1000	       0	         0	    3109	    1000	       2
       0	    1000	       0	         0	    3109	    1000	       2
       0	    1000	       0	         0	    3109	    1000	       2
       0	    1000	       0	         0	    3109	    1000	       2
       0	    1000	       0	         0	    3109	    1000	       2
       0	    1000	       0	         0	    3109	    1000	       2
       0	    1000	       0	         0	    3109	    1000	       2
       0	    1000	       0	         0	    3109	    1000	       2
       0	    1000	       0	         0	    5000	    1000	       2
       0	    1000	       0	         0	    5000	    1000	       2
       0	    1000	       0	         0	    5000	    1000	       2
       0	    1000	       0	         0	    5000	    1000	       2
       0	    1000	       0	         0	    5000	    1000	       2
       0	    1000	       0	         0	    5000	    1000	       2
       0	    1000	       0	         0	    5000	    1000	       2
       0	    1000	       0	         0	    5000	    1000	       2
       0	    1000	       0	         0	    5000	    1000	       2
       0	    1000	       0	         0	    5000	    1000	       2
       0	    1000	       0	         0	    5000	    1000	       2
       0	    1000	       0	         0	    5000	    1000	       2
       0	    1000	       0	         0	    5000	    1000	       2
       0	    1000	       0	         0	    5000	    1000	       2
       0	    1000	       0	         0	    5000	    1000	       2
       0	    1000	       0	         0	    5000	    1000	       2
       0	    1000	       0	         0	    5000	    1000	       2
       0	    1000	       0	         0	    5000	    1000	       2
       0	    1000	       0	         0	    5000	    1000	       2
       0	    1000	       0	         0	    5000	    1000	       2
       0	    1000	       0	         0	    5000	    1000	       2
       0	    1000	       0	         0	    5000	    1000	       2
       0	    1000	       0	         0	    5000	    1000	       2
       0	    1000	       0	         0	    5000	    1000	       2
       0	    1000	       0	         0	    5000	    1000	       2
       0	    1000	       0	         0	    5000	    1000	       2
       0	    1000	       0	         0	    5000	    1000	       2
       0	    1000	       0	         0	    5000	    1000	       2
       0	    1000	       0	         0	    5000	    1000	       2
       0	    1000	       0	         0	    5000	    1000	       2
       0	    1000	       0	         0	    5000	    1000	       2
       0	    1000	       0	         0	    5000	    1000	       2
       0	    1000	       0	         0	    5000	    1000	       2
       0	    1000	       0	         0	    5000	    1000	       2
       0	    1000	       0	         0	    5000	    1000	       2
       0	    1000	       0	         0	    5000	    1000	       2
       0	    1000	       0	         0	    5000	    1000	       2
       0	    1000	       0	         0	    5000	    1000	       2
       0	    1000	       0	         0	    5000	    1000	       2
       0	    1000	       0	         0	    5000	    1000	       2
       0	    1000	       0	         0	    4773	    1000	       2
       0	    1000	       0	         0	    4773	    1000	       2
       0	    1000	       0	         0	    4773	    1000	       2
       0	    1000	       0	         0	    4773	    1000	       2
       0	    1000	       0	         0	    4773	    1000	       2
       0	    1000	       0	         0	    4773	    1000	       2
       0	    1000	       0	         0	    4773	    1000	       2
       0	    1000	       0	         0	    4773	    1000	       2
       0	    1000	       0	         0	    4773	    1000	       2
       0	    1000	       0	         0	    4773	    1000	       2
       0	    1000	       0	         0	    4773	    1000	       2
       0	    1000	       0	         0	    4773	    1000	       2
       0	    1000	       0	         0	    4773	    1000	       2
       0	    1000	       0	         0	    4773	    1000	       2
       0	    1000	       0	         0	    4773	    1000	       2
       0	    1000	       0	         0	    4773	    1000	       2
       0	    1000	       0	         0	    4773	    1000	       2
       0	    1000	       0	         0	    4773	    1000	       2
       0	    1000	       0	         0	    4773	    1000	       2
       0	    1000	       0	         0	    4773	    1000	       2
       0	    1000	       0	         0	    4773	    1000	       2
       0	    1000	       0	         0	    4773	    1000	       2
       0	    1000	       0	         0	    4773	    1000	       2
       0	    1000	       0	         0	    4773	    1000	       2
       0	    1000	       0	         0	    4773	    1000	       2
       0	    1000	       0	         0	    4773	    1000	       2
       0	    1000	       0	         0	    4773	    1000	       2
       0	    1000	       0	         0	    4773	    1000	       2
       0	    1000	       0	         0	    4773	    1000	       2
       0	    1000	       0	         0	    4773	    1000	       2
       0	    1000	       0	         0	    4773	    1000	       2
       0	    1000	       0	         0	    4773	    1000	       2
       0	    1000	       0	         0	    4773	    1000	       2
       0	    1000	       0	         0	    4773	    1000	       2
       0	    1000	       0	         0	    4773	    1000	       2
       0	    1000	       0	         0	    4773	    1000	       2
       0	    1000	       0	         0	    4773	    1000	       2
       0	    1000	       0	         0	    4773	    1000	       2
       0	    1000	       0	         0	    4773	    1000	       2
       0	    1000	       0	         0	    4773	    1000	       2
       0	    1000	       0	         0	    4773	    1000	       2
       0	    1000	       0	         0	    4773	    1000	       2
       0	    1000	       0	         0	    4773	    1000	       2
       0	    1000	       0	         0	    4773	    1000	       2
       0	    1000	       0	         0	    4773	    1000	       2
       0	    1000	       0	         0	    4773	    1000	       2
       0	    1000	       0	         0	    4773	    1000	       2
       0	    1000	       0	         0	    4773	    1000	       2
       0	    1000	       0	         0	    4773	    1000	       2
       0	    1000	       0	         0	    4773	    1000	       2
       0	    1000	       0	         0	    4773	    1000	       2
       0	    1000	       0	         0	    4773	    1000	       2
       0	    1000	       0	         0	    4773	    1000	       2
       0	    1000	       0	         0	    4773	    1000	       2
       0	    1000	       0	         0	    4773	    1000	       2
       0	    1000	       0	         0	    4773	    1000	       2
       0	    1000	       0	         0	    4773	    1000	       2
       0	    1000	       0	         0	    4773	    1000	       2
       0	    1000	       0	         0	    4773	    1000	       2
       0	    1000	       0	         0	    4773	    1000	       2
       0	    1000	       0	         0	    4773	    1000	       2
       0	    1000	       0	         0	    4773	    1000	       2
       0	    1000	       0	         0	    4773	    1000	       2
       0	    1000	       0	         0	    4773	    1000	       2
       0	    1000	       0	         0	    4773	    1000	       2
       0	    1000	       0	         0	    4773	    1000	       2
       0	    1000	       0	         0	    4773	    1000	       2
       0	    1000	       0	         0	    4773	    1000	       2
       0	    1000	       0	         0	    4773	    1000	       2
       0	    1000	       0	         0	    4773	    1000	       2
       0	    1000	       0	         0	    4773	    1000	       2
       0	    1000	       0	         0	    4773	    1000	       2
       0	    1000	       0	         0	    4773	    1000	       2
       0	    1000	       0	         0	    4773	    1000	       2
       0	    1000	       0	         0	    4773	    1000	       2
       0	    1000	       0	         0	    4773	    1000	       2
       0	    1000	       0	         0	    4773	    1000	       2
       0	    1000	       0	         0	    4773	    1000	       2
       0	    1000	       0	         0	    4773	    1000	       2
       0	    1000	       0	         0	    4773	    1000	       2
       0	    1000	       0	         0	    4773	    1000	       2
       0	    1000	       0	         0	    4773	    1000	       2
       0	    1000	       0	         0	    4773	    1000	       2
       0	    1000	       0	         0	    4773	    1000	       2
       0	    1000	       0	         0	    4773	    1000	       2
       0	    1000	       0	         0	    4773	    1000	       2
       0	    1000	       0	         0	    4773	    1000	       2
       0	    1000	       0	         0	    4773	    1000	       2
       0	    1000	       0	         0	    4773	    1000	       2
       0	    1000	       0	         0	    4773	    1000	       2
       0	    1000	       0	         0	    4773	    1000	       2
       0	    1000	       0	         0	    4773	    1000	       2
       0	    1000	       0	         0	    4773	    1000	       2
       0	    1000	       0	         0	    4773	    1000	       2
       0	    1000	       0	         0	    4773	    1000	       2
       0	    1000	       0	         0	    4773	    1000	       2
       0	    1000	       0	         0	    4773	    1000	       2
       0	    1000	       0	         0	    4773	    1000	       2
       0	    1000	       0	         0	    4773	    1000	       2
       0	    1000	       0	         0	    4773	    1000	       2
       0	    1000	       0	         0	    5000	    1000	       2
       0	    1000	       0	         0	    5000	    1000	       2
       0	    1000	       0	         0	    5000	    1000	       2
       0	    1000	       0	         0	    5000	    1000	       2
       0	    1000	       0	         0	    5000	    1000	       2
       0	    1000	       0	         0	    5000	    1000	       2
       0	    1000	       0	         0	    5000	    1000	       2
       0	    1000	       0	         0	    5000	    1000	       2
       0	    1000	       0	         0	    5000	    1000	       2
       0	    1000	       0	         0	    5000	    1000	       2
       0	    1000	       0	         0	    5000	    1000	       2
       0	    1000	       0	         0	    5000	    1000	       2
       0	    1000	       0	         0	    5000	    1000	       2
       0	    1000	       0	         0	    5000	    1000	       2
       0	    1000	       0	         0	    5000	    1000	       2
       0	    1000	       0	         0	    5000	    1000	       2
       0	    1000	       0	         0	    5000	    1000	       2
       0	    1000	       0	         0	    5000	    1000	       2
       0	    1000	       0	         0	    5000	    1000	       2
       0	    1000	       0	         0	    5000	    1000	       2
       0	    1000	       0	         0	    5000	    1000	       2
       0	    1000	       0	         0	    5000	    1000	       2
       0	    1000	       0	         0	    5000	    1000	       2
       0	    1000	       0	         0	    5000	    1000	       2
       0	    1000	       0	         0	    5000	    1000	       2
       0	    1000	       0	         0	    5000	    1000	       2
       0	    1000	       0	         0	    5000	    1000	       2
       0	    1000	       0	         0	    5000	    1000	       2
       0	    1000	       0	         0	    5000	    1000	       2
       0	    1000	       0	         0	    5000	    1000	       2
       0	    1000	       0	         0	    5000	    1000	       2
       0	    1000	       0	         0	    5000	    1000	       2
       0	    1000	       0	         0	    5000	    1000	       2
       0	    1000	       0	         0	    5000	    1000	       2
       0	    1000	       0	         0	    5000	    1000	       2
       0	    1000	       0	         0	    5000	    1000	       2
       0	    1000	       0	         0	    5000	    1000	       2
       0	    1000	       0	         0	    5000	    1000	       2
       0	    1000	       0	         0	    5000	    1000	       2
       0	    1000	       0	         0	    5000	    1000	       2
       0	    1000	       0	         0	    5000	    1000	       2
       0	    1000	       0	         0	    5000	    1000	       2
       0	    1000	       0	         0	    5000	    1000	       2
       0	    1000	       0	         0	    5000	    1000	       2
       0	    1000	       0	         0	    5000	    1000	       2
       0	    1000	       0	         0	    5000	    1000	       2
       0	    1000	       0	         0	    5000	    1000	       2
       0	    1000	       0	         0	    5000	    1000	       2
       0	    1000	       0	         0	    5000	    1000	       2
       0	    1000	       0	         0	    5000	    1000	       2
       0	    1000	       0	         0	    5000	    1000	       2
       0	    1000	       0	         0	    5000	    1000	       2
       0	    1000	       0	         0	    5000	    1000	       2
       0	    1000	       0	         0	    5000	    1000	       2
       0	    1000	       0	         0	    5000	    1000	       2
       0	    1000	       0	         0	    5000	    1000	       2
       0	    1000	       0	         0	    5000	    1000	       2
       0	    1000	       0	         0	    5000	    1000	       2
       0	    1000	       0	         0	    5000	    1000	       2
       0	    1000	       0	         0	    5000	    1000	       2
       0	    1000	       0	         0	    5000	    1000	       2
       0	    1000	       0	         0	    5000	    1000	       2
       0	    1000	       0	         0	    5000	    1000	       2
       0	    1000	       0	         0	    5000	    1000	       2
       0	    1000	       0	         0	    5000	    1000	       2
       0	    1000	       0	         0	    5000	    1000	       2
       0	    1000	       0	         0	    5000	    1000	       2
       0	    1000	       0	         0	    5000	    1000	       2
       0	    1000	       0	         0	    5000	    1000	       2
       0	    1000	       0	         0	    5000	    1000	       2
       0	    1000	       0	         0	    5000	    1000	       2
       0	    1000	       0	         0	    5000	    1000	       2
       0	    1000	       0	         0	    5000	    1000	       2
       0	    1000	       0	         0	    5000	    1000	       2
       0	    1000	       0	         0	    5000	    1000	       2
       0	    1000	       0	         0	    5000	    1000	       2
       0	    1000	       0	         0	    5000	    1000	       2
       0	    1000	       0	         0	    5000	    1000	       2
       0	    1000	       0	         0	    5000	    1000	       2
       0	    1000	       0	         0	    5000	    1000	       2
       0	    1000	       0	         0	    5000	    1000	       2
       0	    1000	       0	         0	    5000	    1000	       2
       0	    1000	       0	         0	    5000	    1000	       2
       0	    1000	       0	         0	    5000	    1000	       2
       0	    1000	       0	         0	    5000	    1000	       2
       0	    1000	       0	         0	    5000	    1000	       2
       0	    1000	       0	         0	    5000	    1000	       2
       0	    1000	       0	         0	    5000	    1000	       2
       0	    1000	       0	         0	    5000	    1000	       2
       0	    1000	       0	         0	    5000	    1000	       2
       0	    1000	       0	         0	    5000	    1000	       2
       0	    1000	       0	         0	    5000	    1000	       2
       0	    1000	    1991	    406200	    5000	    1000	       3
       0	    1000	    7659	   1531800	    5000	    1000	       3
       0	    1000	    7436	   1487200	    5000	    1000	       3
   20000	    1368	    3737	    747400	    5000	    1000	       3
    1072	     551	     822	    164400	    5000	    1000	       3
     799	     427	    1047	    209400	    5000	    1000	       3
     746	     579	     856	    171200	    5000	    1000	       3
     836	     645	     686	    137200	    5000	    1000	       3
    5000	     379	    7919	   1583800	    5000	    1000	       3
    3683	     978	     987	    197400	    5000	    1000	       3
    1064	     594	     754	    150800	    5000	    1000	       3
    5000	     361	    7801	   1560200	    5000	    1000	       3
    3443	     923	     977	    195400	    5000	    1000	       3
     810	     619	    4738	    947600	    5000	    1000	       3
    5000	     388	    4238	    847600	    5000	    1000	       3
    3773	    1071	    1799	    359800	    5000	    1000	       3
    1759	     711	    6181	   1236200	    5000	    1000	       3
    5000	     372	    2045	    561800	    5000	    1000	       3
    3090	     923	     699	    699000	    5000	    1000	       3
     791	     511	    8133	   8133000	    5000	    1000	       3
    5000	     470	    1272	   1272000	    5000	    1000	       3
    4463	    1522	    4390	   4390000	    5000	    1000	       3
    4422	    1065	    1606	   1606000	    5000	    1000	       3
    1664	     701	     763	    763000	    5000	    1000	       3
    3671	     358	    6969	   6969000	    5000	    1000	       3
    5000	     816	    5763	   5763000	    5000	    1000	       3
    4861	    1090	    1085	   1085000	    5000	    1000	       3
    1001	     564	    1373	   1373000	    5000	    1000	       3
    3188	     316	    4821	   4821000	    5000	    1000	       3
    2966	    1014	    2711	   2711000	    5000	    1000	       3
    4207	     768	    5339	   5339000	    5000	    1000	       3
    3927	    1015	     795	    795000	    5000	    1000	       3
     773	     437	    4576	   4576000	    5000	    1000	       3
    5000	     426	    4708	   4708000	    5000	    1000	       3
    4188	    1044	    5122	   5122000	    5000	    1000	       3
    5000	     601	    3330	   3330000	    5000	    1000	       3
    3441	     966	    2239	   2239000	    5000	    1000	       3
       0	    1000	       1	      1000	    5000	    1000	       3
       0	    1000	      45	     45000	    5000	    1000	       3
    2241	    3454	      23	     23000	    5000	    1000	       3
      45	     918	       0	         0	    5000	    1000	       3
       0	    1000	       0	         0	    5000	    1000	       3
       0	    1000	       0	         0	    5000	    1000	       3
       0	    1000	       0	         0	    5000	    1000	       3
       0	    1000	       0	         0	    5000	    1000	       3
       0	    1000	       0	         0	    5000	    1000	       3
       0	    1000	       0	         0	    5000	    1000	       3
       0	    1000	       0	         0	    5000	    1000	       3
       0	    1000	       0	         0	    5000	    1000	       3
       0	    1000	       0	         0	    5000	    1000	       3
      24	   10607	       5	      5000	    5000	    1000	       3
       0	    1000	       5	      5000	    5000	    1000	       3
       0	    1000	      15	     15000	    5000	    1000	       3
      25	    1561	     128	    128000	    5000	    1000	       3
       0	    1000	      21	     21000	    5000	    1000	       3
       0	    1000	       0	         0	    5000	    1000	       3
       0	    1000	       0	         0	    5000	    1000	       3
       0	    1000	       0	         0	    5000	    1000	       3
       0	    1000	       0	         0	    5000	    1000	       3
       0	    1000	       0	         0	    5000	    1000	       3
       0	    1000	       0	         0	    5000	    1000	       3
       0	    1000	       0	         0	    4856	    1000	       3
       0	    1000	       0	         0	    4856	    1000	       3
       0	    1000	       0	         0	     100	    1000	       3
       0	    1000	       0	         0	     100	    1000	       3
       0	    1000	       0	         0	     100	    1000	       3
       0	    1000	       0	         0	     100	    1000	       3
       0	    1000	       0	         0	     100	    1000	       3
       0	    1000	       0	         0	     100	    1000	       3
       0	    1000	       0	         0	     100	    1000	       3
       0	    1000	       0	         0	     100	    1000	       3
       0	    1000	       0	         0	     100	    1000	       3
       0	    1000	       0	         0	     100	    1000	       3
       0	    1000	       0	         0	     100	    1000	       3
       0	    1000	       0	         0	     100	    1000	       3
       0	    1000	       0	         0	     100	    1000	       3
       0	    1000	       0	         0	     100	    1000	       3
